10
3 14 17
2 6
1 12
3 10
2 1
1 9
3 4
2 14
3 12
1 1
2 2
3 11
1 8
1 4
2 3
2 10
2 8
3 2
26 49 1027
14 45
14 4
7 27
4 15
24 48
6 4
3 8
13 42
23 22
2 22
13 7
18 44
24 46
21 19
13 4
15 40
22 10
2 42
13 35
13 21
14 5
1 7
4 31
17 25
21 32
14 3
3 26
22 46
25 35
13 2
22 23
12 33
16 43
25 25
11 18
26 25
26 19
5 29
22 43
1 29
10 22
7 16
23 32
19 2
22 22
10 28
17 16
7 8
25 14
15 41
1 22
24 22
24 42
1 48
9 34
25 39
10 21
22 28
2 37
22 19
24 31
12 35
18 4
12 1
20 20
5 18
19 15
10 35
20 26
4 49
6 39
22 40
12 23
9 9
23 2
12 38
25 41
25 11
25 16
8 36
10 3
26 13
13 20
20 21
8 19
21 20
26 41
24 37
7 28
6 49
25 26
10 26
10 30
20 30
6 28
20 19
5 46
7 42
13 27
1 10
2 28
22 16
9 29
9 27
3 45
4 32
12 28
20 11
26 35
26 34
2 3
25 9
9 26
11 32
12 13
9 4
26 44
7 21
7 12
22 33
1 6
1 25
20 32
5 45
5 28
22 30
4 21
12 48
21 13
18 39
7 46
17 14
7 18
5 33
5 48
12 21
21 25
12 32
25 45
8 27
16 9
23 15
7 44
26 45
4 39
22 17
18 36
3 37
19 26
3 24
26 46
8 25
1 41
21 26
14 39
16 42
25 33
15 6
3 30
26 36
24 40
24 36
17 33
4 22
11 2
26 16
16 48
3 29
8 10
26 49
8 40
22 31
24 8
7 29
10 6
6 23
22 41
6 35
5 43
25 17
13 43
9 1
3 9
21 24
14 15
2 29
14 38
11 11
10 27
9 32
25 43
23 49
21 2
19 3
7 38
4 18
5 25
11 34
20 7
21 7
25 15
23 37
3 31
21 48
2 24
25 13
1 34
26 32
10 5
22 42
16 27
23 16
9 2
3 21
24 11
22 7
13 26
15 23
14 12
4 25
10 17
4 24
6 47
15 34
16 13
16 38
21 18
18 40
5 38
11 42
10 15
25 40
5 5
26 24
5 26
1 30
6 15
10 1
23 18
22 49
8 1
21 23
21 15
23 1
12 46
22 9
23 35
17 26
19 19
17 18
9 18
18 28
12 22
6 1
18 46
15 24
15 4
1 44
16 35
26 48
16 39
9 37
1 38
1 5
23 11
11 35
8 33
24 24
16 40
14 42
11 28
4 45
11 19
9 21
17 11
6 8
15 20
13 33
9 19
6 7
26 17
4 28
19 36
1 36
5 39
22 21
4 29
21 43
23 46
7 43
6 26
5 9
15 36
18 5
15 44
21 44
23 26
26 31
3 6
21 6
14 8
16 49
2 11
17 32
2 8
7 26
12 17
9 33
14 19
3 12
4 11
11 36
7 48
19 9
2 15
3 27
14 7
13 49
9 30
18 20
23 13
26 39
4 1
11 31
6 40
6 48
12 30
24 39
12 20
11 37
10 9
8 24
17 44
19 14
24 10
1 14
14 32
14 18
5 36
5 40
10 11
20 4
7 3
7 30
2 34
25 37
7 32
25 31
7 13
10 42
26 21
8 45
2 27
18 23
20 41
24 44
18 35
24 41
7 39
7 9
18 12
5 1
25 5
25 34
20 47
10 12
24 2
20 15
9 8
2 9
22 47
16 32
11 13
6 25
20 3
2 36
7 47
8 46
1 9
14 40
7 11
20 27
8 38
25 21
24 32
3 1
18 6
14 9
4 38
9 20
11 1
13 47
4 20
14 1
21 37
10 48
14 44
17 29
11 10
15 14
21 41
24 6
3 10
19 30
13 44
18 17
3 47
18 45
21 1
19 12
2 1
18 29
26 22
21 27
17 12
11 41
26 4
4 36
24 27
18 13
24 43
13 39
25 48
21 5
6 18
9 23
1 35
17 28
9 15
8 3
23 3
5 6
15 35
1 40
7 40
22 13
25 30
15 28
20 40
5 12
16 10
4 43
22 2
11 17
8 28
17 48
23 29
16 11
6 17
15 3
15 22
6 14
16 47
8 2
12 3
19 35
18 34
2 6
20 48
18 24
17 13
16 3
13 40
22 6
16 4
19 8
7 6
24 26
4 37
23 47
11 39
2 33
16 18
17 40
22 24
14 49
23 21
22 48
10 8
4 5
2 44
12 26
5 2
21 8
9 16
2 40
6 30
11 4
7 37
19 4
11 48
3 3
4 7
12 41
14 26
16 15
14 21
5 41
14 35
6 6
11 3
23 30
19 37
3 11
14 24
1 15
10 39
13 38
20 29
11 23
15 16
25 44
26 5
11 25
12 25
10 25
25 38
20 37
13 8
14 29
25 4
18 15
1 20
20 18
5 17
5 47
6 42
4 4
7 23
8 48
12 37
13 32
2 10
21 45
17 39
8 35
11 47
22 11
23 20
6 38
9 40
18 41
26 43
3 34
6 19
13 17
21 10
15 11
13 12
21 36
23 43
17 5
25 47
26 8
23 33
10 4
1 46
23 41
13 11
15 2
12 8
9 13
15 37
7 25
4 35
13 28
2 47
10 33
13 14
8 12
17 41
24 35
7 33
20 45
12 18
2 5
8 23
11 6
2 21
13 3
6 20
17 10
1 42
18 25
4 19
9 43
1 47
5 49
4 14
14 25
5 14
3 44
3 13
24 4
13 15
15 5
15 15
21 46
7 36
10 19
2 26
1 43
1 13
21 11
20 46
4 48
1 3
17 21
9 5
1 21
8 21
14 48
6 10
20 6
24 17
7 49
16 44
17 15
23 12
25 2
15 25
19 33
7 22
8 17
12 29
17 49
9 49
18 42
13 48
10 2
9 24
16 17
14 20
8 26
2 25
22 15
20 22
20 36
18 11
7 15
7 7
5 23
18 8
9 6
9 38
2 32
20 43
3 32
11 33
22 38
22 36
2 12
22 27
25 49
14 2
2 7
6 32
4 13
22 4
13 18
20 10
17 31
7 10
15 18
15 26
4 34
25 10
6 44
3 4
2 17
8 4
21 35
4 23
4 46
9 22
14 37
10 31
12 14
14 28
17 38
2 13
17 19
23 9
21 17
13 1
11 45
8 42
18 49
13 19
22 44
8 7
11 20
6 31
23 44
22 3
2 31
18 2
6 41
3 22
23 34
26 6
16 25
19 47
21 9
9 11
19 39
24 7
26 7
11 7
20 44
24 49
12 40
3 16
4 44
3 14
17 24
12 27
9 46
17 46
18 19
18 10
8 15
14 6
16 36
23 4
26 42
19 18
24 15
1 23
20 25
24 12
15 49
19 40
11 38
3 40
2 39
23 27
4 41
12 36
12 24
21 34
7 41
25 7
26 33
4 3
8 29
9 39
2 48
20 39
3 49
20 42
19 42
13 36
21 31
22 5
12 7
16 14
8 47
5 20
19 48
21 22
4 26
10 41
6 45
24 19
15 29
15 30
2 4
2 23
6 43
20 1
11 16
9 28
3 43
11 43
4 8
7 1
11 21
9 31
16 33
19 22
19 41
19 29
3 15
5 37
24 1
16 5
25 29
16 26
18 21
12 43
4 30
26 30
19 25
25 36
17 37
19 32
1 24
8 49
8 22
9 25
14 31
19 17
10 46
15 13
13 9
4 10
19 6
25 32
11 40
22 25
22 32
3 25
5 42
1 27
10 45
10 32
18 7
22 20
21 12
3 39
12 12
24 47
21 49
1 45
6 3
1 17
17 7
9 48
4 2
10 44
21 3
5 24
20 33
18 31
9 3
17 47
9 47
26 47
13 37
1 19
2 18
22 1
1 37
12 16
7 19
17 30
10 13
20 34
3 18
17 36
13 41
7 45
1 39
13 45
26 1
22 12
25 27
20 24
3 46
9 36
11 29
15 47
3 41
17 4
23 45
24 5
10 10
18 26
13 5
21 21
12 5
16 30
6 46
19 31
8 8
3 5
10 36
22 39
23 42
3 48
16 46
16 22
20 14
13 25
16 8
2 35
25 46
21 39
20 2
5 10
12 47
20 17
17 34
7 14
14 16
26 14
21 29
16 24
11 44
23 39
6 33
17 42
17 17
2 2
7 5
21 16
25 23
15 42
26 28
19 27
24 25
7 31
16 7
19 5
21 42
12 44
6 21
15 27
19 20
24 21
7 2
21 33
24 13
16 12
26 12
3 33
6 34
19 10
26 23
20 5
24 14
18 30
1 28
8 43
21 14
16 45
19 16
15 48
12 45
14 33
10 16
7 34
17 45
10 43
10 23
26 26
14 30
2 16
1 32
17 9
1 1
23 14
6 22
22 45
6 9
4 27
14 36
25 24
16 2
23 8
25 20
18 3
19 45
6 29
12 15
1 26
13 6
8 31
20 13
5 27
7 4
24 3
26 9
20 35
13 31
19 49
18 48
24 20
13 30
15 10
8 32
16 41
17 22
2 46
25 22
12 39
5 19
18 22
3 42
12 2
6 5
5 13
12 19
22 8
8 9
18 18
19 11
14 41
8 5
5 31
5 22
25 42
3 20
10 20
15 12
5 32
10 49
9 42
10 7
26 29
18 1
22 26
24 29
20 31
1 18
14 46
5 3
6 13
5 8
12 10
15 43
12 4
22 35
20 16
20 49
15 7
29 24 420
6 20
20 12
25 1
12 15
3 8
20 5
16 15
20 21
24 16
23 23
12 21
1 11
25 22
2 2
25 3
7 4
22 7
6 2
1 9
12 5
27 15
19 6
27 14
19 20
9 22
13 17
23 2
24 3
1 24
3 13
18 6
20 24
20 13
26 3
23 6
24 15
4 24
6 3
12 4
22 14
9 15
18 5
18 7
10 21
2 23
19 2
4 13
11 20
22 20
28 24
6 23
14 1
25 6
14 15
1 8
3 22
5 11
2 1
21 14
27 18
14 20
10 12
12 23
25 8
26 24
21 12
15 5
28 2
15 23
29 5
24 4
5 15
24 10
18 4
12 9
27 24
11 1
29 22
17 6
13 16
21 11
19 24
28 21
29 23
24 17
21 21
5 23
1 19
10 1
9 12
3 16
25 18
12 22
6 21
25 5
21 13
28 1
18 1
16 12
7 20
15 1
14 16
28 8
26 16
19 8
12 18
13 11
27 6
8 9
16 16
9 7
21 17
3 18
26 10
29 4
20 16
19 9
22 16
15 4
11 6
4 4
17 11
16 6
14 7
2 4
18 22
2 9
21 19
29 11
29 2
28 22
6 11
26 9
16 3
4 3
4 21
18 18
19 23
16 23
6 22
19 15
2 10
23 12
22 19
13 18
26 20
14 4
23 22
1 3
16 20
15 13
11 5
19 3
27 22
15 14
11 24
27 17
17 16
23 10
2 5
9 16
27 7
10 5
12 19
2 22
21 7
26 1
19 18
21 1
6 18
16 21
8 23
18 8
22 24
9 2
4 2
9 5
22 8
25 13
27 20
28 7
14 23
1 22
1 20
5 20
15 16
23 15
16 9
24 13
24 11
22 21
9 14
4 7
1 15
16 14
25 10
25 17
21 3
26 21
20 3
17 22
10 18
12 12
17 13
14 11
13 14
1 21
4 18
9 19
21 23
24 24
16 5
27 12
2 7
9 21
23 18
25 20
3 24
8 18
7 2
8 16
26 14
13 1
29 20
13 10
3 21
13 22
28 14
4 11
13 24
21 15
14 9
21 2
19 16
29 9
10 24
7 7
10 19
12 2
22 13
2 20
24 19
26 5
17 19
1 18
3 14
12 3
10 17
7 16
20 9
26 4
8 17
21 8
8 2
7 14
5 22
28 10
4 20
14 2
5 1
11 13
4 16
9 4
16 18
19 17
13 23
17 12
20 10
17 7
9 11
24 2
3 12
4 10
29 12
1 16
27 4
6 10
8 15
3 19
20 20
3 20
9 13
5 12
15 22
12 8
16 17
2 3
7 18
23 11
13 8
29 17
11 15
15 11
6 17
7 15
28 9
8 8
26 19
14 12
26 2
8 3
24 5
9 17
8 13
16 7
28 6
7 24
20 8
28 18
3 15
19 19
22 11
17 8
7 11
4 23
28 19
18 14
9 3
25 11
14 18
8 22
10 6
15 20
20 18
16 11
19 4
11 2
12 1
26 11
17 3
22 22
12 11
7 3
5 19
14 5
29 18
23 14
14 22
29 13
6 8
19 12
27 13
17 1
1 7
7 19
2 17
3 6
6 15
22 6
26 13
8 5
12 7
27 23
22 9
27 10
2 15
12 13
7 22
16 10
26 12
5 24
20 17
28 17
14 8
13 4
18 12
12 14
25 7
10 3
23 24
10 9
27 21
9 18
17 2
5 3
25 2
27 19
15 21
5 21
8 10
18 16
27 11
23 21
9 24
9 6
20 4
1 2
13 15
1 14
27 1
23 1
10 10
5 2
3 5
2 6
22 15
7 12
6 6
25 14
23 7
6 13
11 11
6 19
5 7
19 7
11 23
29 16
10 14
11 19
20 22
3 7
14 13
5 17
29 24
4 17
11 9
11 4
21 18
10 22
4 8
67 24 962
10 14
37 12
19 20
22 5
13 24
52 12
67 24
62 23
35 11
12 24
63 9
65 19
4 15
26 2
32 22
43 18
36 15
25 24
38 1
46 22
46 7
9 22
55 22
19 16
4 19
66 4
56 5
64 14
67 11
12 15
22 8
45 10
47 4
60 24
7 15
24 12
66 12
51 11
27 7
48 1
55 4
7 11
37 2
19 15
15 1
18 6
43 24
57 14
27 17
35 8
14 23
56 8
35 2
21 15
6 4
43 14
15 7
23 24
11 6
3 15
22 3
41 18
50 22
12 4
4 7
36 22
6 19
13 1
61 10
57 19
58 9
24 1
37 4
21 22
3 18
32 20
17 13
25 4
53 4
13 18
30 16
34 6
6 10
44 20
55 6
42 13
36 7
12 8
66 6
35 19
54 6
30 2
42 9
35 21
45 18
37 20
40 20
11 14
55 10
26 19
38 4
48 2
52 9
16 4
32 8
4 3
5 23
31 12
21 16
48 4
36 23
35 22
43 17
63 4
3 17
38 12
67 20
12 3
8 1
33 5
42 6
37 24
49 11
24 23
59 6
21 21
42 4
28 17
23 18
22 12
4 20
38 5
42 18
24 2
32 3
48 17
8 3
16 5
44 1
52 8
11 8
23 1
7 6
1 12
47 16
52 21
32 16
49 2
47 7
60 6
8 15
17 15
23 6
8 13
57 16
29 3
22 1
35 5
60 11
14 19
33 7
21 18
25 15
57 6
25 17
5 2
2 22
24 13
32 9
3 4
56 10
61 23
66 15
15 11
56 1
39 10
52 10
35 6
10 21
29 14
39 12
32 21
12 9
30 4
51 17
46 6
51 7
20 9
27 11
48 19
17 3
34 14
45 24
27 23
49 3
58 17
7 20
57 22
52 2
65 22
66 3
33 9
9 14
28 21
34 22
38 19
45 6
18 20
48 15
6 21
6 7
54 2
34 17
64 20
51 18
20 18
12 11
44 6
20 5
51 13
22 14
30 17
26 10
51 22
50 6
32 4
18 23
47 8
55 24
63 1
16 9
66 21
9 24
61 13
1 18
46 10
11 17
15 13
7 19
65 16
13 17
4 16
55 20
50 4
60 16
43 12
20 4
14 7
34 1
50 2
15 3
48 23
41 13
54 16
20 8
44 7
9 5
5 10
15 2
22 20
67 17
44 18
49 17
56 23
41 12
24 11
11 23
35 13
46 24
27 9
56 24
14 3
43 5
45 14
41 4
54 1
48 16
28 4
23 4
49 19
62 15
36 3
43 7
1 17
52 17
48 13
2 9
38 21
45 17
41 23
32 5
60 3
28 3
19 13
36 24
15 18
6 23
24 20
21 10
47 12
51 9
2 19
34 15
2 17
60 7
40 1
21 24
49 23
44 12
43 23
45 11
47 6
4 4
15 9
6 3
14 9
45 23
46 20
22 21
37 5
66 18
12 17
23 13
21 12
46 16
34 13
2 11
32 14
36 12
36 13
58 14
10 24
41 2
60 9
21 7
53 6
34 10
19 21
20 19
19 3
32 23
58 20
16 10
40 5
24 6
35 7
66 9
61 8
63 3
7 12
4 17
65 11
34 9
17 7
36 16
34 11
36 11
29 17
56 19
6 5
45 4
38 8
59 24
61 16
57 12
36 19
54 14
46 15
10 7
67 15
50 21
18 13
61 17
30 20
64 6
40 17
20 7
9 6
62 11
54 19
19 8
43 10
64 19
13 22
30 18
40 22
21 8
67 3
39 15
43 3
44 8
40 21
15 4
54 17
3 5
17 18
16 1
20 15
33 17
65 12
11 5
12 21
56 12
24 3
34 2
64 1
11 3
45 2
5 1
41 10
16 14
27 18
35 16
65 5
67 8
8 21
53 24
46 12
65 24
58 8
16 18
41 5
25 21
17 14
23 10
25 12
50 8
6 12
13 5
54 21
47 21
61 4
9 8
45 22
57 1
1 11
10 3
55 17
37 13
7 22
48 11
55 18
33 19
57 3
22 4
40 10
43 11
13 19
41 3
8 7
36 8
24 15
2 4
22 2
6 22
5 4
49 20
64 17
55 7
26 8
54 4
35 20
67 21
7 16
54 7
33 15
14 6
14 11
23 22
25 22
3 9
30 12
42 11
29 13
52 11
24 7
36 6
31 6
26 16
28 13
62 5
25 23
2 16
23 16
56 16
60 8
13 16
13 10
60 1
55 11
62 17
50 19
60 14
39 7
7 1
16 22
57 11
46 11
43 20
49 15
3 8
56 2
12 2
64 13
3 3
44 10
47 15
64 5
29 5
7 4
6 11
35 10
13 7
58 16
41 21
66 8
36 5
48 6
67 22
56 22
26 15
11 4
61 14
51 16
26 18
35 1
2 6
57 8
37 16
22 10
14 17
39 6
66 10
14 24
45 5
49 16
29 4
49 4
56 21
31 22
40 3
53 12
36 18
50 13
59 8
44 3
65 10
63 2
24 16
30 24
23 12
23 23
30 9
66 13
35 9
39 3
40 24
6 14
1 24
26 20
25 10
9 3
30 7
64 4
25 16
5 8
39 20
33 3
1 14
26 6
31 7
21 14
32 10
13 15
2 8
49 1
52 13
47 1
10 13
19 24
35 23
54 9
31 19
61 1
52 7
31 14
62 24
20 14
37 7
19 7
21 20
24 14
55 13
38 7
27 13
15 22
32 6
32 15
40 13
63 18
20 1
55 23
8 6
44 21
2 20
20 2
34 5
11 11
28 14
39 17
59 12
34 19
64 9
67 9
60 20
14 18
33 22
3 21
17 4
29 2
13 3
60 15
48 10
46 2
7 10
41 6
26 7
67 14
8 12
8 10
15 12
38 3
58 2
7 24
37 22
18 9
57 4
14 13
10 9
34 23
20 13
5 12
36 2
45 20
56 6
50 23
52 18
26 22
65 18
57 24
24 17
2 23
38 10
28 12
66 14
22 17
65 9
55 2
11 20
19 12
48 5
53 1
16 6
30 5
55 9
40 4
25 18
62 2
3 1
11 10
43 15
55 12
42 15
30 10
48 21
12 16
38 20
37 6
11 7
30 3
47 13
26 4
21 4
28 24
21 13
10 8
10 20
67 6
24 22
53 10
59 10
41 1
49 6
60 13
8 18
17 2
14 10
42 8
42 3
23 20
50 1
44 23
67 12
17 6
24 18
40 2
17 20
3 14
6 17
41 11
42 23
51 23
24 8
28 23
58 21
24 9
53 5
1 2
27 22
5 3
25 13
63 6
53 22
50 5
36 10
12 18
61 24
30 22
61 22
55 16
53 11
32 24
31 20
20 23
30 13
4 8
33 12
53 19
7 14
31 5
33 1
17 24
19 17
23 14
7 3
6 13
40 7
42 16
62 10
65 14
12 14
2 24
25 9
4 1
25 19
66 5
22 22
53 20
6 18
19 19
5 16
62 22
5 19
45 21
64 7
20 6
62 21
1 15
51 12
57 5
63 17
48 3
14 22
56 15
10 16
27 14
47 14
23 8
62 12
62 13
8 19
12 5
40 16
54 8
24 24
59 22
34 12
16 12
31 18
34 8
52 19
59 14
17 9
49 5
29 12
40 8
66 22
7 23
38 9
39 22
55 5
24 10
64 10
63 22
13 6
32 1
10 22
63 19
3 24
51 3
3 13
5 9
9 4
43 6
32 19
46 1
59 7
39 4
66 2
57 18
31 1
15 10
58 4
14 20
40 12
63 7
9 7
36 14
15 23
14 12
6 24
37 19
16 13
47 19
55 14
55 19
47 5
20 21
14 5
47 11
29 23
33 14
57 7
2 3
2 18
34 20
16 3
41 7
14 8
66 20
56 9
65 1
52 22
35 12
57 2
39 14
6 6
28 11
8 22
60 2
41 9
61 5
43 9
67 18
63 20
61 9
27 3
37 8
9 20
2 1
7 5
48 24
58 3
41 15
27 4
56 13
18 8
17 1
20 17
64 12
52 15
3 19
50 9
1 22
13 20
11 19
44 19
50 18
30 23
17 11
54 13
45 16
62 20
21 19
52 14
19 10
65 2
41 14
66 24
54 15
29 11
5 13
58 10
12 20
20 11
12 23
57 17
5 7
52 20
18 18
25 3
66 23
24 5
57 21
34 4
54 20
64 16
62 4
55 8
55 15
60 4
30 19
37 14
46 18
8 16
57 20
59 17
21 6
2 13
45 12
38 6
61 18
41 19
66 1
18 4
18 15
29 19
9 16
14 15
64 18
3 2
36 1
51 4
62 8
16 16
61 19
33 24
16 2
4 12
30 8
1 4
4 14
21 11
51 8
20 20
18 14
56 20
18 22
67 23
7 7
45 19
1 10
74 86 2712
7 65
44 42
40 60
15 72
56 6
71 35
21 36
24 3
11 20
47 2
61 3
21 41
19 24
1 61
61 38
51 19
12 23
73 76
40 33
54 30
11 22
34 77
6 68
53 11
7 73
53 78
51 75
49 69
20 27
74 46
2 69
37 76
64 48
48 71
43 84
14 49
16 36
22 80
18 13
40 58
2 7
25 47
41 83
53 2
72 11
73 60
35 60
35 68
42 8
39 36
50 6
39 77
10 77
11 64
29 26
52 47
2 73
74 7
71 48
27 34
32 80
51 49
58 70
58 37
19 74
54 62
1 1
67 36
49 7
3 32
62 41
29 23
63 83
33 72
46 14
59 84
1 44
41 39
57 41
43 23
7 4
24 67
34 30
20 16
70 34
40 73
52 67
74 60
74 86
44 41
23 5
30 20
52 69
64 44
64 55
32 8
33 13
50 7
7 55
55 4
29 59
35 39
28 8
67 14
16 69
65 41
2 43
57 19
38 78
46 9
6 39
5 44
44 33
72 44
32 74
4 4
72 77
48 9
70 42
25 52
50 19
45 49
56 44
33 46
47 67
36 67
49 30
8 10
14 40
61 32
42 46
59 67
46 35
38 32
34 74
46 46
67 21
2 59
11 15
45 25
62 38
74 14
8 39
18 29
57 77
59 59
74 9
4 38
32 12
49 14
1 20
60 78
56 12
65 21
65 73
34 47
34 34
36 33
67 85
68 11
10 67
55 18
6 67
28 35
43 37
72 85
50 26
57 28
21 38
61 25
38 80
64 79
49 57
5 31
12 42
37 77
13 46
22 38
6 20
23 57
37 52
44 26
14 37
26 54
2 25
20 45
12 13
27 86
14 35
60 53
52 27
65 31
12 52
29 2
11 50
58 33
7 58
14 70
52 37
15 26
65 79
10 38
33 41
34 67
18 14
59 54
60 9
53 24
37 35
11 57
11 54
60 48
12 72
39 79
42 69
29 51
51 40
20 31
67 49
43 76
21 74
29 86
52 30
17 41
30 39
26 41
41 66
74 26
14 12
63 39
26 76
57 27
63 43
72 29
17 48
71 16
61 30
37 69
5 55
7 40
24 35
44 85
49 16
28 71
38 76
49 37
49 59
68 42
41 34
5 32
40 70
68 86
16 43
24 21
26 30
65 80
26 11
39 61
43 77
26 27
37 44
32 20
58 24
17 68
5 69
67 20
11 41
23 17
20 2
48 5
17 43
42 37
43 8
15 1
1 3
34 75
65 2
21 79
54 72
3 49
52 41
53 51
1 51
15 82
43 85
48 55
67 58
22 9
50 16
54 84
27 51
67 22
17 1
5 83
65 50
4 11
15 85
45 3
11 36
34 6
47 39
58 65
71 28
15 70
38 47
54 26
32 23
4 52
66 34
52 39
48 68
40 41
35 81
39 10
7 85
60 67
61 86
5 17
58 11
34 13
1 6
72 2
16 21
58 16
70 75
21 60
17 27
30 57
10 7
16 5
19 1
18 63
5 77
59 77
16 40
44 81
10 53
48 80
73 51
53 81
31 78
44 65
9 74
39 41
63 24
15 47
54 43
38 85
60 23
61 2
2 62
12 73
22 14
45 60
52 36
7 29
24 76
28 11
28 17
67 67
34 82
3 19
11 70
15 51
51 34
57 68
43 33
44 40
69 81
2 79
4 72
47 24
22 30
56 57
6 22
66 37
49 70
25 67
30 77
4 74
49 86
30 31
67 66
12 80
15 5
7 51
61 20
61 52
13 85
1 11
33 67
30 81
60 18
53 64
13 60
58 22
14 27
54 85
24 83
58 43
41 71
44 58
27 65
46 28
69 83
10 28
71 86
43 11
31 39
62 85
40 49
49 28
65 30
67 53
68 69
28 16
69 41
4 56
8 23
21 63
51 71
61 50
15 81
73 80
41 7
69 57
55 79
70 30
73 38
65 64
1 56
30 72
31 46
37 34
11 83
29 49
69 86
30 11
13 77
32 40
64 25
34 64
55 32
12 12
20 78
24 56
73 59
59 3
48 49
27 69
28 81
37 63
72 5
25 69
7 38
49 84
9 75
69 84
34 20
65 55
50 71
73 52
71 79
24 80
30 2
71 31
12 33
40 35
5 21
11 27
73 22
51 22
40 30
42 4
65 37
39 4
46 60
10 21
45 84
42 18
63 62
1 85
1 86
37 53
3 13
17 44
62 5
64 40
45 68
65 7
11 42
22 86
41 11
9 78
53 5
45 81
4 80
27 24
19 75
57 55
3 71
27 42
46 58
48 18
56 53
46 29
47 21
12 9
24 24
41 10
73 20
74 16
38 36
51 65
62 52
47 69
2 34
38 52
73 21
63 61
43 60
6 73
69 10
36 61
22 7
22 12
37 61
7 21
1 19
42 62
66 67
22 21
60 42
6 52
38 49
54 19
8 37
71 71
6 18
8 65
11 73
22 50
69 33
14 44
58 59
23 70
5 18
65 26
70 35
44 9
15 35
40 16
32 39
5 7
53 57
74 70
49 44
41 64
28 58
61 29
62 35
10 68
62 69
45 23
54 23
41 43
5 35
15 57
11 45
49 4
31 21
5 59
34 57
65 45
26 67
12 67
74 22
29 83
37 86
53 27
6 58
28 21
28 85
72 23
23 85
39 26
52 38
21 8
68 85
23 75
44 73
25 33
51 58
27 57
24 34
40 86
32 10
34 56
42 6
6 47
70 38
40 23
61 9
8 85
3 84
11 39
62 33
42 63
65 25
24 44
46 76
57 44
38 86
51 68
38 58
39 69
66 31
66 83
63 63
29 67
70 61
35 18
74 54
74 59
7 83
28 3
1 75
40 56
71 24
54 74
5 3
40 31
47 9
53 47
63 13
14 60
40 71
57 13
69 52
1 60
35 70
41 49
72 12
21 19
68 15
32 51
59 11
71 5
4 47
58 45
66 39
47 33
17 57
52 5
23 73
71 52
54 55
12 8
4 46
17 70
20 80
29 41
74 83
66 49
38 83
63 54
11 1
33 66
33 68
7 9
3 43
33 57
38 38
13 1
60 26
9 82
71 36
20 46
43 34
51 13
55 86
29 52
5 6
11 80
30 52
30 66
6 79
58 48
15 79
56 75
23 38
4 34
24 54
45 6
48 64
34 8
32 64
39 13
49 66
55 23
8 36
57 71
69 26
59 27
32 84
61 51
46 83
7 42
11 11
39 31
4 29
25 56
22 70
54 63
13 54
18 69
42 66
65 39
31 23
61 36
9 58
45 24
26 48
16 44
72 48
15 9
18 61
26 85
9 13
8 2
30 53
68 53
74 3
1 12
39 54
65 46
39 37
21 26
46 18
7 64
13 24
17 51
33 18
42 14
33 17
5 60
38 7
6 77
16 25
20 15
16 28
52 63
14 29
35 66
65 58
4 40
52 18
22 51
48 47
63 28
52 29
35 33
14 85
65 34
8 38
12 21
22 60
41 2
46 82
23 42
36 22
24 43
28 31
50 18
18 66
64 84
46 52
60 62
5 38
59 41
2 8
55 66
12 6
46 67
48 39
49 67
40 15
20 39
46 71
14 19
16 18
64 3
62 64
26 35
45 32
56 50
5 75
4 83
33 86
7 10
14 65
19 62
28 56
53 3
13 7
28 68
27 17
16 56
26 9
60 54
64 75
24 55
16 35
48 25
2 81
22 31
32 62
26 70
4 81
4 15
71 59
26 56
42 12
70 23
69 5
1 16
58 26
66 54
45 29
57 48
54 56
10 86
29 70
44 69
59 21
40 20
3 5
31 28
74 62
22 46
35 28
10 63
19 9
6 26
68 6
40 18
24 64
47 42
54 9
4 70
61 68
7 35
7 44
51 5
58 77
35 42
52 65
52 59
27 27
32 47
31 4
36 43
41 37
52 10
53 68
5 47
13 74
60 43
26 64
25 65
58 82
65 78
54 35
56 71
45 42
37 41
26 78
20 8
23 77
50 40
73 57
30 27
43 62
64 11
66 80
70 65
65 17
35 38
4 78
30 29
23 15
67 43
17 39
62 36
2 74
62 23
30 67
7 74
65 3
32 60
43 49
6 63
54 68
11 68
67 82
70 33
74 55
15 7
71 22
15 3
32 86
39 33
9 72
59 43
34 51
56 69
21 68
38 17
66 58
14 5
71 85
4 57
21 84
36 39
53 39
56 36
26 81
43 41
71 84
25 12
29 43
51 80
55 71
63 57
74 85
5 81
68 29
71 33
33 8
41 75
73 41
72 14
27 19
63 6
31 19
32 11
46 34
54 69
19 15
33 12
71 23
40 69
46 26
55 9
28 14
36 75
72 80
60 11
34 31
25 36
65 16
6 59
22 48
18 31
19 6
23 20
3 2
6 76
35 47
22 65
27 75
2 32
24 51
44 76
46 47
51 21
60 45
49 65
66 66
74 42
12 71
65 27
1 33
14 33
16 57
19 14
35 13
25 31
58 50
35 61
13 40
38 30
64 26
17 35
46 36
51 20
2 85
74 81
41 86
19 32
4 54
46 3
69 20
38 75
62 47
10 43
29 11
29 57
65 60
2 64
38 14
49 51
17 40
18 40
33 51
44 17
65 72
39 27
3 23
18 33
34 38
69 35
11 12
28 57
44 46
47 31
7 50
52 34
42 65
2 68
72 38
1 43
32 49
23 82
37 39
60 15
1 13
57 1
1 14
42 60
66 8
55 27
31 37
20 41
74 53
62 73
16 13
68 77
6 85
33 65
15 36
21 25
47 44
11 84
20 10
24 7
36 45
73 83
4 53
13 3
13 10
22 74
6 7
17 13
24 59
9 52
26 31
68 61
14 17
30 54
62 19
33 16
74 24
10 29
12 81
6 62
34 59
61 77
4 50
1 46
60 29
28 70
47 57
17 5
74 40
1 70
50 79
28 2
3 7
29 14
21 29
46 66
30 80
33 42
62 20
73 45
51 86
63 58
9 46
20 69
44 29
61 82
71 12
4 65
46 2
48 54
57 52
63 85
13 55
59 78
33 19
53 58
15 52
71 10
1 27
55 15
72 37
31 71
24 2
54 57
43 4
70 54
1 67
20 75
55 39
59 28
67 27
27 73
36 25
65 10
27 7
71 14
22 72
70 83
13 22
23 66
6 34
46 43
8 12
49 45
11 32
69 7
37 9
66 17
16 14
65 18
45 12
7 3
34 68
56 38
25 27
72 45
51 8
51 10
63 35
9 32
60 24
56 11
51 69
1 83
69 16
41 57
14 18
39 44
68 32
22 6
68 36
69 79
72 46
74 35
31 45
12 64
67 45
56 54
34 21
22 61
25 15
63 30
35 84
40 21
66 40
22 83
41 6
45 1
31 42
71 64
8 58
19 78
39 40
3 28
2 54
14 28
19 82
22 5
25 46
22 10
10 52
45 20
38 24
1 47
13 71
26 73
73 11
16 12
31 52
52 52
14 45
29 32
70 73
38 72
11 46
59 7
11 43
42 58
58 73
64 27
32 21
64 65
49 23
20 12
26 23
3 41
69 60
62 61
24 66
32 63
10 69
36 82
6 4
51 17
70 39
32 13
58 83
63 36
19 3
32 66
13 28
22 24
55 72
7 33
17 75
44 43
68 14
34 52
63 65
46 86
55 63
28 86
8 14
49 46
29 34
3 86
56 18
29 60
69 80
53 9
73 2
24 31
45 33
6 48
6 9
16 9
57 9
71 9
56 68
60 86
14 72
41 17
73 5
14 68
10 45
31 12
55 10
5 72
49 33
35 73
9 1
57 26
74 77
56 60
13 36
1 82
2 26
38 31
7 12
17 83
4 39
68 57
49 13
31 2
36 4
11 26
33 73
70 3
29 36
9 56
11 29
67 29
6 84
43 48
15 64
74 27
30 33
39 80
57 18
1 23
12 65
12 76
41 56
34 86
60 75
45 85
9 63
27 47
74 15
66 48
45 53
47 18
63 14
6 64
34 4
56 24
31 40
62 32
6 54
23 76
69 82
66 70
24 1
52 49
59 42
58 7
17 67
15 29
50 70
19 13
21 31
52 62
48 86
4 13
22 29
23 13
44 48
21 14
44 63
18 11
44 20
9 45
18 64
17 4
57 79
8 78
1 73
48 67
53 72
64 73
73 69
33 30
66 24
1 45
62 70
26 37
26 65
14 2
45 48
3 75
72 3
36 2
43 58
44 47
65 70
71 40
28 44
42 79
15 33
36 57
1 17
19 48
34 61
45 38
28 40
22 39
72 56
59 50
51 41
35 37
74 84
54 38
5 62
9 57
19 65
72 20
17 46
49 55
27 23
41 36
45 86
41 41
25 86
36 28
52 66
29 63
56 79
46 61
48 19
29 79
30 1
64 35
26 69
50 2
18 6
34 36
55 28
18 48
36 17
60 74
8 9
52 75
19 12
40 37
8 72
35 27
59 44
53 14
61 56
42 71
43 71
9 26
9 71
70 66
49 10
57 84
37 32
10 71
45 9
21 34
19 7
38 35
54 29
16 76
7 72
64 1
65 32
6 50
51 55
49 17
47 72
63 76
50 9
63 52
52 12
16 30
14 71
32 30
16 45
25 63
33 82
13 2
53 33
32 16
42 16
24 16
50 35
65 65
7 79
36 80
48 43
34 55
30 35
15 78
19 30
44 52
29 72
67 51
32 70
16 59
11 24
14 26
36 32
49 21
12 28
19 73
36 76
61 10
64 47
65 44
67 19
25 8
3 17
34 12
12 47
28 23
6 10
7 81
61 1
69 8
4 33
24 60
20 72
41 32
25 34
58 46
9 86
17 16
68 58
17 74
57 46
74 61
24 73
27 72
31 56
63 71
7 31
34 63
47 75
25 35
39 76
16 8
5 63
20 1
6 24
43 2
25 28
39 15
61 83
40 27
23 50
35 2
19 31
22 19
1 55
38 59
50 12
73 54
23 37
49 40
58 75
56 33
33 63
48 84
6 19
26 59
66 69
71 83
17 9
61 21
50 58
62 56
12 54
17 8
52 2
27 37
27 52
59 14
27 21
31 30
23 80
42 68
39 83
7 86
2 41
10 75
7 24
65 77
45 8
45 66
49 85
16 32
26 28
45 76
60 40
29 56
33 29
27 76
45 31
47 79
53 28
61 66
5 85
43 78
19 23
37 66
19 36
37 40
64 51
30 7
61 60
68 60
48 38
13 67
57 15
25 44
54 12
6 12
25 77
56 22
36 10
61 24
30 47
25 16
36 65
25 17
8 31
18 68
22 42
46 10
21 47
32 68
57 82
56 21
34 1
61 40
11 13
70 44
60 59
34 60
51 42
67 28
21 42
29 10
8 74
4 49
46 17
27 56
14 79
36 86
9 54
64 38
14 48
31 38
2 65
53 60
14 41
42 2
65 62
27 32
31 26
68 79
65 81
17 54
52 14
52 64
58 80
14 83
39 35
12 37
71 58
1 49
70 74
24 57
16 31
19 39
30 9
70 51
7 11
50 67
73 31
10 51
64 71
20 42
65 76
72 53
39 32
15 42
61 43
64 10
47 12
47 49
73 63
25 25
66 62
7 61
20 71
25 43
44 36
7 18
18 51
37 70
16 1
44 21
49 50
22 44
8 34
25 54
44 15
17 66
25 22
13 65
46 56
53 76
47 41
72 73
15 63
14 52
1 15
69 53
65 40
73 8
12 4
23 34
64 16
39 25
10 80
66 6
38 66
40 40
58 36
20 54
28 53
42 19
2 3
5 19
8 76
6 27
3 3
7 45
48 24
26 38
67 31
17 53
70 82
72 71
7 16
20 58
57 23
12 56
22 43
56 80
45 54
11 62
14 82
38 68
29 19
22 55
70 14
60 65
38 51
30 48
56 43
36 38
66 7
68 5
60 32
35 69
71 3
12 18
19 19
52 31
71 56
39 21
9 77
73 23
29 37
70 80
70 2
57 14
58 18
71 76
69 76
64 61
70 64
67 5
11 53
39 70
39 14
2 28
18 71
21 17
28 63
48 40
58 5
50 82
43 75
49 15
47 28
41 58
62 2
61 65
9 55
28 41
60 12
9 73
38 84
30 3
52 55
72 13
46 19
5 39
48 69
61 44
51 59
69 25
17 3
41 80
67 69
14 21
51 70
16 70
40 32
55 43
21 45
22 2
51 29
19 2
20 86
37 45
71 70
14 25
65 48
57 50
67 68
64 20
40 63
23 55
68 71
15 45
3 16
68 18
42 13
27 68
66 27
67 72
1 81
41 3
66 82
26 8
69 75
3 83
50 43
65 42
57 4
61 58
43 26
68 35
35 16
67 80
22 76
37 12
49 32
61 14
3 39
22 45
54 27
44 30
62 43
53 70
19 40
15 16
66 46
53 59
41 52
48 83
5 30
46 5
73 47
10 4
2 4
6 1
41 26
27 45
24 29
56 66
13 35
11 55
21 28
57 56
33 34
35 46
21 67
33 55
62 46
32 36
36 36
60 8
15 4
33 20
8 81
10 23
18 18
22 67
24 49
11 40
14 59
44 54
31 83
50 84
60 39
26 44
45 58
53 45
60 58
2 80
7 84
8 77
60 68
28 79
66 68
73 17
14 39
67 10
5 61
9 5
3 56
15 18
14 62
51 39
68 34
17 49
2 66
39 75
74 29
9 34
21 32
65 11
18 43
30 62
19 47
33 53
59 60
60 31
33 27
4 27
49 60
56 23
63 32
45 56
47 22
14 10
4 84
3 62
7 14
28 24
37 46
19 83
32 9
49 61
46 80
68 46
12 1
59 15
43 29
66 86
47 56
60 56
46 23
55 64
37 65
51 44
50 32
21 18
23 21
50 63
46 84
72 41
10 61
10 72
46 16
50 73
42 70
16 2
4 31
44 57
27 5
37 72
52 60
18 23
5 13
5 26
66 52
50 51
29 74
41 70
21 76
38 8
73 24
53 48
62 31
74 41
11 75
42 81
61 16
71 69
29 12
37 55
73 74
4 45
18 42
71 73
64 17
71 34
28 55
53 49
17 10
12 68
67 33
41 85
27 61
63 51
6 21
39 48
48 35
69 71
40 65
55 33
41 55
70 1
53 75
2 6
46 68
56 59
50 10
7 82
42 24
62 83
50 48
50 77
58 28
20 83
55 76
62 50
42 29
70 78
51 35
57 60
71 80
21 3
39 51
57 73
71 51
69 67
70 67
58 72
41 63
60 16
22 52
69 32
74 80
32 58
15 19
26 1
45 50
4 12
26 16
5 12
17 32
39 73
50 81
25 9
38 16
28 32
33 3
27 3
28 26
51 36
65 51
37 29
57 49
42 7
50 76
72 70
1 63
27 74
57 16
10 65
24 77
61 64
5 68
46 37
37 73
19 70
12 46
21 20
49 42
69 66
69 30
2 24
20 14
26 21
47 71
63 4
49 58
47 74
52 48
53 77
8 70
18 27
74 75
68 3
34 18
34 81
16 29
68 28
74 18
55 7
7 53
25 51
31 47
64 2
56 47
52 35
67 55
67 62
6 32
35 41
72 54
23 67
49 36
50 39
45 78
37 82
41 78
64 14
24 72
31 18
12 5
30 30
74 23
25 19
31 70
66 63
4 63
58 29
48 61
14 74
48 46
43 56
6 81
20 26
25 7
3 37
21 9
72 69
74 66
12 48
71 18
22 35
32 44
57 35
28 80
38 46
40 5
43 9
42 39
24 53
8 73
43 83
19 35
42 35
43 74
47 47
46 64
5 86
8 64
42 45
1 29
44 13
9 24
24 20
50 20
51 3
30 86
13 32
18 30
3 51
23 58
73 1
25 5
66 85
71 72
62 59
22 15
34 29
61 28
55 73
63 47
30 38
42 54
30 60
37 62
15 58
11 66
26 29
73 42
64 6
24 70
48 53
29 71
72 21
32 33
32 71
13 12
29 29
23 83
50 17
42 42
15 71
49 18
15 54
33 1
44 72
69 64
3 33
19 66
27 4
54 64
52 19
53 85
12 40
64 64
9 84
23 2
36 55
60 3
26 24
37 60
64 59
36 62
10 19
18 24
68 31
25 57
2 72
7 60
26 60
4 14
70 48
55 58
64 63
35 78
27 22
31 35
60 30
64 15
64 30
32 79
59 56
17 55
26 80
43 72
74 65
67 78
73 34
47 1
73 56
18 22
40 59
33 39
45 74
74 57
25 11
57 30
14 22
15 14
4 76
60 71
1 71
70 46
66 42
28 7
7 67
54 48
30 61
54 65
38 82
53 84
17 71
35 79
5 50
39 62
50 85
22 41
5 45
56 5
7 57
40 64
9 20
56 42
62 30
67 64
7 68
21 55
15 49
19 25
27 84
13 4
69 17
70 31
2 9
66 12
68 51
4 61
2 15
64 76
47 85
35 48
37 19
29 30
51 85
16 34
32 25
24 42
16 48
44 59
69 46
21 56
46 40
49 63
70 18
44 50
35 71
53 71
66 28
69 4
28 66
31 48
63 69
74 31
1 54
59 81
32 46
36 7
63 41
11 19
59 17
30 63
30 21
14 47
71 77
21 27
13 80
18 36
66 43
41 38
57 61
64 66
27 83
47 19
51 47
9 33
15 2
69 24
10 56
61 41
32 32
30 15
54 7
13 11
47 59
29 61
32 83
40 10
67 13
16 16
57 12
27 78
66 33
42 44
24 37
61 49
47 83
12 36
36 83
17 6
42 27
13 68
66 76
57 69
4 26
70 79
23 63
49 79
18 5
59 30
47 8
58 42
18 47
24 58
51 23
5 49
29 50
33 9
15 83
26 26
47 54
55 12
9 83
44 39
72 74
62 77
73 62
38 26
44 5
26 74
25 45
21 44
60 17
42 67
26 53
9 42
26 34
60 69
12 27
19 72
37 33
6 53
67 57
2 83
6 5
23 19
9 76
58 86
30 18
67 15
64 34
70 5
40 6
35 19
67 73
6 83
30 43
68 9
5 80
43 28
74 5
8 62
15 22
65 22
62 21
67 26
3 65
1 39
2 17
11 28
71 32
15 67
48 76
27 70
60 77
26 2
46 78
12 62
46 48
20 9
2 29
50 8
20 60
51 25
15 69
17 63
28 27
11 44
12 45
65 86
8 44
30 12
69 42
26 42
62 26
28 42
46 39
39 8
8 3
63 73
36 63
48 48
57 5
43 64
17 29
65 33
34 9
74 47
20 19
43 67
46 27
23 30
37 25
41 28
71 42
71 67
17 33
42 73
71 81
12 10
27 40
42 33
73 61
10 8
55 61
60 57
38 53
18 57
24 5
51 30
51 26
40 83
14 13
40 26
20 44
39 7
23 28
44 53
36 40
51 73
3 31
40 54
51 32
47 58
13 61
19 11
59 45
74 72
6 74
46 38
13 84
17 72
62 62
63 22
18 80
14 6
40 66
64 54
3 24
37 5
40 43
73 7
15 56
34 58
3 74
15 59
70 10
1 50
13 19
24 19
4 9
45 11
31 8
9 69
40 13
69 65
2 14
54 86
60 80
28 52
63 7
62 18
37 36
9 81
17 7
36 70
11 74
52 25
31 32
15 86
57 21
63 72
21 46
73 82
28 25
20 76
34 7
44 18
4 62
23 84
45 16
62 24
30 5
36 6
53 36
60 52
42 49
25 32
9 49
9 17
2 33
34 42
36 3
8 32
59 38
12 55
39 71
63 70
73 14
39 29
41 29
74 74
64 41
69 31
54 59
70 49
40 51
20 85
16 79
35 63
7 59
39 49
8 18
46 11
70 7
35 7
24 71
64 81
17 77
24 41
57 58
3 11
21 37
40 78
36 31
74 11
73 32
20 37
58 8
56 48
31 43
55 45
9 38
27 59
45 28
33 10
40 57
62 27
46 31
28 10
38 9
49 47
10 11
8 28
11 7
30 34
48 27
8 47
38 70
13 52
54 83
22 73
16 42
33 59
68 73
72 58
44 77
46 74
60 2
3 69
45 82
13 21
25 20
54 6
62 39
2 44
40 19
18 16
19 51
32 19
13 16
26 5
55 57
21 2
26 57
44 84
73 15
33 4
36 68
17 45
53 37
3 47
3 34
48 10
72 82
23 16
68 44
40 2
47 86
37 10
20 30
69 13
61 59
53 6
17 30
46 22
28 59
41 72
16 78
32 7
29 68
38 27
23 24
6 25
13 31
37 67
18 54
38 3
49 6
31 80
39 64
18 41
73 46
28 75
61 26
52 15
54 14
53 52
38 37
11 49
38 67
50 22
57 24
60 25
42 48
21 82
7 25
59 52
39 78
98 24 463
10 19
29 14
31 24
30 3
24 12
36 9
82 15
5 6
3 16
19 20
35 8
94 13
50 9
62 13
18 21
62 11
14 22
5 19
14 7
7 4
2 5
42 6
74 17
43 12
16 5
77 12
25 6
64 16
56 10
7 9
27 6
57 14
52 20
71 24
20 22
54 2
69 24
40 11
85 5
35 21
11 7
98 4
21 24
96 5
27 9
93 8
45 6
52 16
37 6
75 14
72 11
75 15
44 5
23 21
77 19
17 21
52 6
69 9
50 14
18 22
5 11
95 18
25 16
92 21
32 17
57 10
74 4
75 12
73 16
2 19
39 8
60 21
80 4
63 19
32 23
50 19
69 4
18 2
26 2
6 19
39 14
23 16
66 15
6 3
74 14
90 15
4 12
49 5
49 13
97 23
92 5
6 11
63 10
26 23
78 19
64 17
12 17
60 3
5 14
32 4
48 7
45 24
33 19
58 7
70 19
67 16
27 20
57 4
80 23
83 13
7 21
25 4
79 8
14 6
50 11
17 20
12 10
80 20
56 5
64 19
29 2
86 17
18 3
25 13
94 10
46 12
96 15
40 21
53 15
41 15
65 5
50 18
53 20
5 18
85 7
33 23
92 7
91 9
48 19
33 21
69 11
51 10
38 22
74 6
31 12
46 5
23 8
30 10
49 15
87 7
46 22
92 23
32 11
7 18
77 5
40 6
47 6
96 19
83 5
63 3
94 22
49 1
67 20
67 23
52 13
89 3
62 3
81 9
27 1
63 21
25 8
19 10
56 17
58 21
75 5
15 14
34 22
97 4
34 13
29 7
68 1
37 1
21 11
74 15
15 19
62 16
88 22
18 13
74 8
98 16
24 24
37 5
88 16
49 19
20 20
82 4
39 1
88 18
53 7
75 20
92 3
40 10
32 9
17 24
78 21
84 16
18 12
3 1
42 8
72 13
32 13
12 11
58 1
7 6
56 23
47 9
73 1
22 4
33 8
36 10
60 4
61 23
36 6
30 16
57 13
91 4
74 19
57 11
78 2
47 15
86 9
6 8
63 17
57 7
60 6
64 8
34 1
93 16
14 15
47 22
93 7
18 24
1 9
89 15
47 3
41 24
50 1
6 17
89 4
55 7
1 18
49 12
3 12
73 22
14 18
75 16
17 3
11 17
87 5
81 4
56 6
92 2
23 7
24 13
15 11
30 23
52 18
93 19
56 2
38 4
58 14
1 17
31 5
35 4
44 24
53 16
66 20
86 10
88 23
41 16
48 20
29 15
59 14
94 9
26 22
57 3
59 16
56 11
8 7
11 12
37 15
39 22
58 9
63 20
60 11
29 13
11 11
88 9
63 14
47 1
86 20
36 7
3 10
76 16
63 5
22 10
21 5
78 13
11 10
18 4
5 3
84 24
48 8
92 15
32 6
13 23
94 7
67 18
76 22
61 24
95 22
30 12
3 11
29 22
39 2
73 2
38 19
9 20
3 18
5 24
28 22
55 9
75 19
85 22
11 21
94 19
18 20
73 18
84 18
87 3
41 12
58 18
79 21
19 19
10 21
30 1
6 10
36 18
35 9
74 10
17 23
41 20
56 14
91 15
32 14
93 5
65 12
98 1
48 14
40 15
26 6
85 24
13 9
58 20
71 14
31 10
34 7
84 15
12 13
76 11
8 18
77 21
65 18
37 17
22 24
63 11
38 10
76 17
20 5
14 2
96 7
15 12
68 9
33 24
96 6
6 24
16 19
30 6
44 8
8 8
49 17
90 4
23 11
70 13
11 19
94 1
71 2
11 6
87 21
2 13
90 16
17 22
54 15
47 24
70 24
57 15
59 21
60 1
40 24
60 5
93 17
10 10
57 12
77 13
73 3
7 8
81 17
96 13
11 2
26 15
53 11
10 9
45 9
64 1
93 18
3 15
5 8
78 12
19 21
17 15
94 24
26 7
83 11
98 21
73 14
68 17
19 16
54 20
24 9
59 5
4 9
80 10
77 4
43 17
4 24
78 10
67 24
86 2
76 20
81 15
79 4
19 18
56 15
16 1
36 8
75 2
8 22
61 13
18 18
71 6
89 7
89 9
86 22
28 81 1284
23 65
25 35
21 44
10 40
9 75
22 36
11 8
21 73
25 65
15 61
6 42
4 59
3 44
18 33
8 62
1 3
18 19
25 19
27 5
2 20
2 24
21 34
14 46
2 59
22 51
8 37
15 34
9 78
11 37
6 31
24 23
9 12
5 3
1 34
28 36
24 77
21 50
12 63
3 81
14 45
6 43
1 32
10 74
17 61
17 64
4 7
14 6
4 74
8 3
17 7
23 49
7 29
23 64
24 22
16 62
11 79
19 36
27 29
16 77
15 36
25 22
12 60
25 42
8 75
23 78
10 53
15 16
7 61
1 62
3 74
26 8
12 24
24 10
12 75
15 21
13 5
23 35
20 27
17 59
20 19
4 15
28 69
5 7
10 64
12 21
13 68
18 9
26 32
8 6
21 5
15 81
11 76
10 24
13 21
11 43
16 11
21 42
25 38
11 52
21 21
28 18
11 21
14 49
10 2
17 65
13 62
24 46
3 5
17 31
8 81
21 72
14 47
9 25
12 55
7 72
20 9
20 40
1 30
15 42
24 70
5 70
25 20
14 9
15 58
17 74
28 76
15 62
7 57
18 10
21 61
17 69
5 37
19 72
27 70
17 76
17 51
3 40
26 12
10 29
23 76
13 24
2 27
21 78
7 43
15 74
27 27
23 40
16 48
11 29
18 17
26 20
12 28
18 69
19 34
22 43
25 12
22 60
24 35
8 20
20 56
16 7
2 78
12 29
19 49
18 75
3 20
21 51
6 5
10 42
2 49
14 58
21 80
25 10
28 72
3 26
27 67
12 50
19 11
20 45
1 39
5 42
19 80
9 66
27 80
7 20
3 35
8 36
17 18
14 67
8 1
22 32
8 69
24 56
18 16
7 55
5 53
28 58
8 74
21 4
9 14
21 10
25 53
9 30
10 8
12 31
2 80
13 37
16 60
6 3
6 13
24 38
13 66
28 6
24 69
4 13
15 46
12 41
3 24
5 26
4 32
4 5
22 26
11 62
15 11
27 44
14 77
14 8
24 17
14 37
15 51
8 7
7 37
18 48
26 2
23 53
15 32
19 19
16 64
17 42
18 71
20 18
15 67
16 52
10 30
3 52
9 23
21 6
6 56
21 55
4 76
7 8
24 66
26 31
27 72
3 41
20 52
2 44
15 10
9 54
9 26
14 40
10 75
27 35
6 58
26 48
27 57
6 81
27 38
25 49
28 51
8 18
13 45
21 8
28 9
18 57
18 5
2 77
28 45
2 46
24 30
3 62
8 11
25 71
17 62
20 55
27 19
27 54
3 1
28 31
26 21
4 48
11 81
8 61
5 14
6 1
17 43
22 65
6 7
6 60
28 37
18 58
10 38
13 30
15 69
8 35
26 35
22 78
17 78
23 48
23 33
13 74
7 36
15 22
26 39
15 9
25 5
10 65
19 56
3 63
13 57
26 50
7 60
3 71
28 68
6 38
24 20
2 9
5 66
27 13
7 47
26 17
6 9
11 45
14 1
23 37
20 26
10 28
12 39
8 67
10 81
13 75
11 74
21 38
11 65
3 38
10 58
22 38
14 33
26 71
13 47
14 31
28 5
4 30
23 4
18 8
2 64
3 25
4 62
14 32
15 52
2 35
19 23
3 66
28 23
18 61
28 63
23 25
7 67
27 26
11 67
25 2
7 54
7 25
9 17
8 56
13 81
9 57
2 8
27 24
2 74
22 75
26 43
18 46
14 18
21 56
15 71
22 42
9 53
9 51
11 30
17 27
17 39
5 13
10 10
12 72
16 34
19 62
17 52
24 19
9 19
9 34
14 80
7 62
25 66
20 36
1 61
7 81
7 38
23 46
4 69
3 80
8 23
9 73
10 31
14 72
19 52
14 69
23 41
6 39
21 53
10 14
14 56
4 79
1 55
11 61
6 63
26 70
20 80
14 4
23 52
24 33
24 5
10 4
28 8
4 78
23 75
14 30
3 17
18 68
21 74
15 24
23 68
26 26
1 53
19 27
1 50
23 77
20 73
6 68
12 32
7 32
13 50
26 19
4 11
13 6
11 60
24 25
1 68
20 14
7 11
26 75
8 26
20 39
16 4
19 65
8 48
24 80
1 14
27 43
16 66
20 1
20 54
5 74
4 80
19 41
18 54
22 76
15 31
10 56
19 68
22 19
8 57
27 42
19 70
27 22
8 66
22 55
25 31
18 73
15 17
11 49
8 45
4 42
21 77
28 7
9 59
13 76
14 79
7 40
15 33
21 20
5 17
19 77
3 68
13 10
3 8
13 67
17 8
6 32
27 17
11 70
1 29
9 58
7 17
16 46
7 31
26 51
9 27
10 79
15 70
5 44
27 2
13 36
18 70
18 47
21 24
18 18
26 33
2 17
4 64
27 16
1 72
9 49
4 58
11 80
27 12
12 48
16 70
10 66
4 16
15 38
11 75
22 17
22 53
22 20
23 12
24 50
12 42
10 20
22 74
19 40
16 44
2 34
11 3
12 33
27 64
11 6
28 41
2 52
5 2
19 43
22 69
13 52
2 33
10 63
23 9
16 41
21 62
15 35
22 15
16 43
6 44
17 9
22 63
23 11
20 60
21 65
16 26
17 26
13 23
23 15
1 22
11 35
1 57
14 81
22 49
6 14
18 1
19 57
3 61
18 43
6 70
14 26
28 21
10 61
25 7
8 27
24 14
1 2
21 16
27 48
28 52
25 37
13 28
10 73
4 9
12 52
20 28
9 3
9 65
14 19
12 47
15 77
22 3
5 9
11 16
5 1
25 9
2 68
10 11
18 45
16 68
19 67
13 34
5 73
20 22
17 68
18 74
5 79
19 15
19 4
16 12
11 19
15 43
1 5
11 40
2 30
10 26
20 13
15 15
6 64
7 15
23 21
10 76
20 65
24 48
9 6
28 15
7 70
24 24
14 55
21 63
9 21
22 8
22 45
1 11
22 35
14 35
25 50
22 21
12 34
1 70
5 30
24 12
28 25
10 3
10 15
9 5
12 23
8 72
2 13
26 73
6 50
20 37
23 6
14 42
21 9
20 7
6 51
25 18
5 11
27 41
15 50
25 74
10 7
12 64
24 62
26 67
15 47
25 11
1 77
13 63
26 55
3 69
20 68
11 41
10 62
2 22
5 57
16 10
5 77
11 26
22 31
19 13
14 62
28 2
23 79
8 42
9 13
14 43
4 65
18 66
14 29
13 55
5 61
4 18
17 60
3 31
16 56
25 15
5 43
4 3
4 10
17 20
9 77
23 47
19 50
1 25
10 52
17 33
8 52
4 36
7 56
23 13
22 68
10 50
20 20
24 67
11 50
26 53
15 78
17 37
3 64
23 43
26 60
15 27
18 34
17 29
7 78
6 62
28 40
2 51
12 10
20 48
25 51
2 14
17 23
7 46
2 48
6 71
4 43
25 64
13 69
1 18
26 41
4 1
15 13
15 45
24 41
24 27
1 42
13 29
2 21
21 66
25 61
27 45
8 22
18 32
18 40
9 29
19 1
28 3
5 65
11 25
10 57
25 13
12 66
17 77
23 74
11 10
3 15
26 52
19 33
3 7
15 14
26 63
27 78
12 6
1 33
16 79
16 22
26 34
22 34
28 81
21 26
3 59
2 69
8 78
13 58
1 54
17 21
16 42
5 52
28 50
2 45
6 59
17 55
24 3
20 69
22 81
23 60
27 59
12 36
20 4
16 33
14 41
19 79
3 23
13 31
16 67
12 19
19 14
25 26
23 67
20 10
18 35
13 19
2 32
3 73
19 74
24 60
7 51
1 12
14 21
27 14
7 39
4 55
12 49
2 75
10 80
12 44
16 16
26 3
25 54
10 18
18 14
5 56
17 30
16 18
25 16
11 28
24 72
16 81
14 14
20 5
4 63
10 59
10 45
19 61
9 35
4 60
14 61
3 13
16 15
18 51
14 68
27 37
13 49
4 54
19 73
22 25
27 71
16 8
2 56
9 1
10 16
12 40
8 15
1 79
17 49
15 37
27 10
7 65
9 15
14 54
8 55
17 44
16 37
14 52
12 65
23 28
27 32
9 20
14 76
6 22
22 40
28 22
17 47
28 29
13 32
18 80
12 70
14 60
25 29
14 73
8 41
22 52
28 20
16 39
4 47
20 42
9 32
2 4
9 76
11 34
28 78
10 55
11 58
17 35
17 71
26 15
22 10
19 78
15 56
4 81
27 1
7 18
24 45
8 76
14 44
5 38
13 38
26 10
2 53
14 10
18 52
22 18
16 74
16 2
8 58
8 16
21 27
14 64
23 17
8 53
24 52
6 18
12 76
6 72
27 39
2 26
5 4
22 64
25 72
1 24
17 66
23 10
17 2
8 39
11 2
7 13
12 73
16 40
1 40
2 6
1 8
9 39
24 53
12 22
1 37
26 77
27 55
28 4
19 22
24 39
9 8
22 48
18 24
10 71
24 40
25 70
5 15
7 71
21 12
17 36
19 66
13 51
20 23
25 4
4 52
5 34
15 41
19 51
16 75
24 13
25 57
27 66
6 67
18 30
15 48
2 39
12 9
17 54
14 24
6 33
5 80
10 69
11 68
1 15
13 40
28 10
10 19
14 75
23 55
5 78
18 36
27 23
21 67
1 81
4 44
13 59
28 17
7 27
11 11
4 70
5 28
5 67
26 9
14 13
28 1
21 69
26 25
7 44
18 22
27 28
13 15
20 15
5 51
5 63
8 2
22 73
9 4
9 43
6 4
7 26
3 58
19 3
1 44
11 23
15 29
27 7
26 80
15 79
23 20
24 16
11 12
4 73
3 45
24 54
14 23
17 24
10 47
27 62
15 53
1 7
24 26
3 79
28 39
4 37
21 43
8 63
1 26
1 41
16 65
28 79
13 1
4 23
15 19
5 59
21 48
11 51
24 8
7 14
27 81
24 75
2 28
5 6
18 37
21 47
11 24
19 37
16 14
22 13
9 80
12 53
28 65
19 54
23 61
3 53
7 28
20 29
24 43
3 43
6 11
13 16
24 21
18 38
8 38
14 71
19 59
27 51
26 27
28 38
27 31
25 75
2 3
2 7
20 64
4 56
12 58
22 58
11 14
15 6
22 44
22 72
15 28
15 57
7 80
19 5
20 16
23 70
14 7
24 44
21 1
26 47
2 16
15 54
4 6
9 33
26 22
6 66
24 73
1 47
13 64
17 17
7 42
9 36
6 73
17 58
1 43
15 64
13 3
6 79
9 56
5 22
26 69
21 68
3 9
17 48
21 2
22 24
12 71
18 60
4 33
8 32
3 21
1 75
15 65
24 81
22 7
27 46
22 57
22 6
25 81
23 27
12 17
28 64
5 27
8 14
23 57
9 72
28 75
14 27
26 38
2 54
5 40
27 63
2 73
3 16
5 5
7 35
9 28
23 36
19 58
3 75
17 56
11 33
25 23
20 41
2 12
28 16
26 72
25 79
8 31
7 41
1 48
17 12
6 52
8 4
17 14
8 51
8 64
6 2
17 32
6 54
2 70
5 71
16 73
9 46
18 78
28 66
10 39
16 30
18 41
28 30
10 21
6 25
1 67
10 48
24 63
28 42
16 35
19 48
8 59
22 2
26 14
3 10
2 65
21 46
22 29
7 79
9 16
20 71
4 25
2 2
24 18
24 11
9 52
11 56
17 79
22 71
20 25
22 47
20 70
12 69
2 61
16 21
16 3
25 28
2 63
23 66
3 37
21 28
18 12
4 35
9 68
23 54
5 20
15 25
22 39
21 35
13 9
7 1
19 9
1 55 29
1 15
1 12
1 20
1 9
1 17
1 23
1 2
1 5
1 44
1 34
1 43
1 35
1 27
1 53
1 16
1 36
1 7
1 26
1 39
1 32
1 1
1 54
1 13
1 47
1 41
1 50
1 33
1 37
1 45
30 35 908
27 2
8 18
14 17
5 7
14 29
15 32
24 27
10 7
1 24
2 25
7 20
8 35
25 31
4 18
12 26
27 30
9 17
30 3
4 17
8 27
7 18
3 15
23 16
16 17
13 29
28 31
20 17
21 25
26 25
14 12
14 32
4 11
8 12
7 3
26 2
9 33
25 6
11 21
1 4
11 2
18 11
15 35
3 34
12 2
17 14
24 17
9 4
12 10
29 7
14 20
28 13
17 7
1 19
19 15
29 20
22 7
9 27
9 12
28 33
21 22
20 22
11 16
20 32
28 14
22 4
10 16
8 13
10 27
6 12
27 28
19 5
8 6
8 30
12 23
25 18
27 9
13 6
12 19
13 31
2 21
1 15
3 5
27 13
2 32
15 31
13 35
27 5
10 30
13 24
19 20
13 11
18 21
5 4
9 14
30 28
13 14
28 5
17 23
22 23
30 19
2 20
10 22
23 4
29 8
28 34
6 11
18 13
14 24
20 9
12 20
14 31
24 14
18 28
7 15
27 16
2 13
5 26
13 15
7 16
9 24
10 26
23 31
28 4
28 29
29 23
21 10
29 35
4 5
13 23
3 16
3 17
28 21
22 8
2 9
25 30
26 15
29 18
2 11
7 33
25 8
4 20
2 30
23 33
30 11
25 15
11 10
7 29
17 35
1 9
26 5
6 14
21 5
3 1
2 19
27 15
11 22
20 15
24 22
6 30
30 23
18 12
14 9
20 35
28 30
3 10
10 8
15 19
3 32
19 25
21 3
8 23
10 33
9 26
14 23
23 14
12 12
1 7
30 4
10 1
8 1
21 32
14 33
12 21
28 1
29 27
8 24
29 10
3 7
22 22
26 33
15 7
3 14
20 33
22 5
9 11
6 10
24 1
7 32
4 31
27 10
17 20
13 12
23 24
13 34
9 30
14 26
8 10
3 25
26 10
5 15
6 31
11 6
16 2
11 12
20 30
26 32
20 16
24 4
19 33
18 3
21 27
20 11
1 11
24 26
1 29
3 31
18 15
5 8
3 3
18 7
23 35
10 10
16 9
24 8
19 13
18 24
8 20
13 22
10 25
16 13
13 21
21 33
25 34
5 25
23 32
23 25
28 23
5 1
13 20
27 22
14 27
10 32
7 22
7 23
29 25
13 1
21 13
27 14
12 6
11 27
9 28
30 5
21 15
19 34
10 5
26 7
2 24
9 6
3 21
30 29
14 1
18 22
19 8
4 28
21 6
29 22
19 4
18 2
13 28
15 29
12 17
7 11
6 22
29 3
25 19
25 32
22 34
15 8
23 3
3 6
16 19
28 20
4 3
21 19
8 7
29 21
24 32
12 30
5 9
26 28
12 34
5 11
22 2
17 32
22 17
2 1
9 13
12 32
19 12
2 4
30 17
23 29
10 15
23 9
30 9
2 35
7 27
13 13
24 3
5 35
20 3
15 34
9 5
23 20
15 5
30 20
22 32
6 20
9 8
13 3
10 19
11 1
8 14
29 31
11 28
22 9
15 11
15 16
16 14
15 22
24 25
26 26
9 25
1 1
7 7
25 28
7 12
30 18
17 1
10 4
4 25
22 16
12 15
12 22
6 6
17 29
11 5
3 30
22 6
29 6
16 25
29 29
10 28
11 26
20 29
26 16
16 16
1 30
16 11
30 7
27 7
27 1
20 18
16 8
26 14
28 27
2 34
12 33
14 34
26 1
21 2
9 32
17 5
1 12
28 25
9 23
27 34
20 24
22 29
3 8
11 11
4 19
16 24
27 27
7 17
13 32
3 22
21 34
23 13
6 5
30 24
19 3
2 27
24 35
2 16
7 26
3 11
27 8
27 35
30 33
25 35
10 13
8 3
12 16
11 29
4 2
18 14
2 26
9 35
3 19
18 1
19 19
19 35
26 24
15 15
15 28
14 13
2 12
13 4
11 7
22 3
22 19
15 33
12 8
28 6
8 5
28 28
18 10
18 27
23 12
9 22
10 24
8 4
25 22
19 28
24 16
11 23
11 31
16 12
13 25
1 18
7 13
1 27
13 30
18 5
26 4
27 21
18 18
28 10
9 21
26 6
4 12
30 14
10 31
21 7
28 17
17 4
26 19
10 29
17 34
6 1
30 2
15 21
18 29
25 12
25 14
14 35
14 16
11 8
9 34
2 28
26 31
26 8
30 22
10 3
19 17
27 23
5 14
27 12
11 32
10 12
26 21
10 21
20 2
22 28
8 21
25 3
26 11
24 5
30 13
13 33
24 7
30 6
19 9
15 10
30 26
28 12
8 32
30 31
11 13
15 3
30 1
5 23
17 9
3 26
9 15
22 11
22 12
30 32
25 5
2 31
15 1
11 18
5 3
2 18
26 34
6 35
29 13
26 29
5 33
17 26
4 7
21 17
11 3
6 32
3 13
9 29
25 23
29 19
9 3
8 26
18 6
16 21
19 21
13 2
27 4
3 20
6 2
30 27
17 25
2 3
8 22
4 8
17 18
15 13
13 17
6 25
18 17
27 6
1 6
15 27
19 29
16 35
23 1
1 26
18 4
5 27
22 21
20 27
30 15
4 26
26 18
16 23
7 5
5 12
28 24
14 30
25 33
24 15
1 2
17 3
9 7
25 26
5 24
17 31
16 22
13 10
12 18
18 26
23 6
11 17
24 33
9 31
11 34
29 12
9 1
13 18
15 30
25 20
27 25
5 13
7 6
9 18
12 3
21 18
16 27
6 34
3 4
20 5
29 4
3 24
6 23
20 21
8 9
29 9
25 13
13 26
26 23
20 25
27 24
21 4
29 1
4 13
29 34
1 22
14 25
6 8
4 23
18 8
25 11
21 30
1 5
17 27
2 2
21 26
20 4
7 9
3 18
12 29
11 9
26 22
22 15
14 19
1 31
9 16
25 27
17 22
17 2
5 20
25 9
28 9
3 23
18 20
12 28
16 15
1 28
14 21
30 35
19 30
11 35
1 16
24 21
17 16
19 1
8 16
21 16
1 32
8 31
10 11
12 4
7 35
22 35
27 33
23 11
12 1
17 33
3 9
10 17
5 22
15 20
17 13
14 6
2 17
29 24
4 10
4 14
16 5
15 6
1 20
29 30
30 16
24 19
16 31
2 6
5 28
10 34
13 8
5 32
11 25
18 19
6 26
19 11
23 22
27 3
19 24
30 34
16 26
14 8
22 25
5 10
25 24
21 11
22 20
18 23
28 26
25 2
19 10
17 15
8 2
14 18
3 27
1 33
24 29
18 25
2 7
3 35
8 25
20 26
26 20
21 28
15 25
6 33
14 28
11 33
16 10
24 31
7 14
3 29
8 15
16 32
25 17
6 17
21 21
20 7
15 18
23 17
27 19
1 17
28 15
16 33
28 3
21 1
10 35
3 12
21 35
25 29
13 27
19 6
14 15
8 34
27 26
12 24
2 15
13 9
1 13
10 2
23 27
12 5
17 21
26 13
5 19
26 17
22 27
12 27
20 1
16 6
21 24
12 14
6 15
20 28
21 9
2 10
22 26
6 7
7 30
25 25
6 27
5 21
19 16
14 2
11 15
20 20
23 7
12 11
3 28
19 31
29 32
8 33
27 20
6 29
11 14
4 24
5 31
5 29
28 32
17 10
21 31
6 24
1 23
14 5
8 28
8 29
29 2
5 17
7 34
24 24
29 11
4 9
23 28
24 13
26 27
27 32
11 4
4 21
16 4
20 10
16 30
24 11
7 19
27 29
16 29
23 21
24 12
4 33
15 17
4 1
26 30
24 23
24 9
30 10
29 15
9 20
4 34
17 28
8 19
21 12
15 2
26 9
12 25
22 33
20 23
13 5
6 18
15 23
2 33
17 6
18 35
12 13
28 7
25 4
7 1
18 9
16 20
19 18
29 14
16 1
9 19
29 26
14 7
10 23
20 12
4 6
29 16
8 8
7 21
4 16
24 34
28 19
29 17
21 14
7 4
7 24
12 31
16 28
4 27
26 3
1 34
22 18
24 10
2 23
28 22
20 19
6 4
18 32
23 30
30 21
7 8
15 24
20 6
22 24
25 7
23 18
22 10
20 13
16 34
13 7
3 2
19 27
48 97 4291
19 72
1 97
25 61
12 93
36 89
10 32
9 21
16 32
47 28
47 10
3 16
7 81
38 53
17 26
12 46
23 27
29 78
31 88
16 49
31 84
40 47
5 45
14 34
8 31
24 27
38 43
43 31
2 36
27 54
44 44
46 13
32 24
30 53
1 56
47 66
28 95
26 10
12 19
13 17
46 49
30 46
7 30
22 36
30 71
5 79
10 49
31 71
44 54
4 16
16 10
27 80
14 58
9 51
45 42
28 47
20 50
23 30
6 3
15 12
33 46
35 52
27 35
35 63
8 68
17 65
16 37
41 91
30 90
25 11
42 44
31 11
44 6
46 56
45 28
33 69
48 21
41 19
42 68
34 29
29 83
41 49
7 46
9 77
17 29
32 90
14 67
45 35
37 96
40 61
10 25
24 47
3 55
40 30
31 73
37 10
7 84
11 94
18 94
46 81
3 25
29 75
29 39
46 73
28 73
43 93
22 88
30 52
7 67
22 94
15 57
35 74
36 15
10 76
10 15
36 44
16 62
3 79
46 29
20 40
31 55
43 34
9 59
17 67
6 64
5 86
32 80
27 42
21 86
41 52
39 91
14 1
46 82
18 78
7 80
21 95
20 22
18 61
10 57
41 80
21 51
41 75
22 77
38 70
12 90
10 16
29 70
4 43
1 59
34 34
35 22
21 70
4 12
24 53
8 39
16 77
27 27
29 9
36 25
36 29
29 62
11 12
1 42
6 9
48 7
3 78
10 83
22 58
22 14
41 85
31 35
37 72
47 52
33 61
28 1
3 22
27 12
28 56
36 92
27 83
32 15
46 28
21 31
22 80
32 54
12 71
5 93
25 4
23 4
23 68
44 1
29 21
46 90
34 64
48 8
12 89
16 25
25 94
24 84
1 71
39 72
34 55
19 71
40 94
23 12
22 18
46 78
35 96
35 95
20 81
30 36
26 70
37 34
26 65
39 3
48 43
19 16
22 81
18 91
30 33
3 80
29 47
23 44
37 82
22 24
26 78
6 52
10 10
42 42
48 29
39 80
16 38
40 8
44 25
45 95
6 42
9 75
24 57
35 57
9 26
42 53
48 28
22 25
41 32
43 5
12 26
39 74
9 57
39 89
11 17
18 10
5 75
22 54
30 38
40 37
11 62
48 45
12 58
28 30
23 63
18 27
47 75
3 81
20 33
7 6
22 86
9 24
10 80
21 84
12 73
48 54
22 7
37 16
23 10
18 24
38 58
18 73
39 42
36 20
5 88
31 28
30 80
46 95
1 7
16 27
7 97
24 89
37 58
40 42
30 63
47 51
44 53
3 90
26 69
27 53
40 36
43 23
30 83
19 3
34 52
10 1
39 94
2 55
19 25
6 97
35 47
8 52
39 30
35 90
22 9
25 82
38 71
22 89
2 18
37 61
47 67
45 34
6 74
32 3
33 22
19 2
43 32
5 55
9 92
4 73
36 85
35 37
18 9
33 33
34 21
43 75
33 88
48 10
28 58
23 81
37 36
31 63
41 97
33 36
46 5
29 60
6 61
20 66
38 65
18 74
28 50
48 13
37 73
46 35
20 60
2 40
10 20
18 34
40 44
17 11
34 71
25 60
19 43
35 73
20 72
33 5
36 39
48 34
19 37
29 20
46 30
5 85
6 62
45 37
46 47
2 73
37 53
15 9
8 74
39 84
10 56
21 37
35 78
9 46
36 8
44 65
43 61
5 28
7 69
16 12
27 93
10 14
47 65
5 36
15 86
18 12
12 86
23 60
18 81
30 6
38 88
31 5
29 35
35 72
3 52
37 42
5 80
33 62
33 57
44 50
25 34
14 40
29 81
31 68
32 13
37 46
11 74
13 26
34 45
3 68
38 59
3 56
28 18
48 88
12 4
29 37
40 65
48 78
17 51
22 13
37 7
9 14
8 87
45 22
42 78
20 70
1 75
7 63
33 30
33 48
13 53
47 2
11 65
36 86
2 25
33 94
9 31
21 96
43 50
3 39
16 83
1 31
4 61
21 7
28 70
20 59
8 69
26 23
22 71
3 89
10 78
16 18
12 22
35 91
29 36
44 97
39 10
31 37
39 79
40 32
35 62
26 32
46 1
40 69
5 2
20 45
6 79
38 31
28 3
19 67
26 19
26 52
34 43
38 45
45 84
47 46
6 21
27 17
39 83
23 84
43 59
19 88
8 76
15 53
11 45
15 49
1 73
4 93
15 37
12 77
12 6
19 6
45 94
7 89
8 70
20 14
13 30
45 26
17 41
4 36
9 17
29 48
5 63
34 59
17 85
41 1
11 8
18 26
23 39
34 48
11 50
4 20
21 34
46 25
23 86
41 63
25 88
39 23
5 71
48 2
30 95
41 78
19 63
24 13
28 25
19 32
43 21
17 1
11 24
13 54
18 82
11 81
13 51
42 7
28 34
2 14
48 37
2 42
16 81
24 17
32 25
2 19
28 11
38 87
25 50
12 61
45 23
36 46
10 2
3 63
15 58
41 6
42 96
38 47
4 53
8 53
7 73
26 68
24 65
44 92
21 18
27 59
43 44
34 23
24 96
46 22
27 61
42 11
39 60
47 86
26 74
37 37
42 81
37 4
4 79
16 61
31 82
44 36
23 6
23 46
47 84
34 83
5 94
19 94
48 68
46 63
42 47
15 59
41 50
43 56
15 30
47 23
34 1
37 66
28 36
35 42
35 25
31 24
4 6
14 12
13 44
28 38
40 1
8 63
15 69
20 16
41 43
11 39
15 72
34 70
48 83
19 62
5 6
31 1
14 69
27 20
32 58
10 40
37 84
1 82
10 86
13 92
14 31
21 62
11 90
16 50
26 88
32 16
12 70
41 17
26 93
32 23
20 37
28 14
9 30
1 76
9 83
9 69
35 34
22 11
1 66
2 33
6 77
31 42
4 51
11 9
29 52
35 65
25 95
11 57
39 70
27 5
9 41
30 9
21 30
18 33
25 5
25 74
6 36
40 4
35 30
40 91
48 26
31 77
46 57
8 34
24 22
42 64
13 77
25 97
48 48
20 21
21 44
47 71
15 1
27 7
3 12
45 81
15 33
2 7
21 14
35 29
17 93
37 83
40 38
5 84
29 90
27 40
2 96
42 50
35 4
47 55
14 25
18 47
35 75
38 94
21 17
34 15
22 87
16 69
24 38
18 5
44 29
25 67
21 26
1 45
38 66
11 87
38 46
16 9
3 88
2 71
14 73
40 55
34 73
13 12
36 84
30 51
34 81
42 35
32 11
22 43
18 29
26 56
18 44
33 27
43 9
26 47
46 93
31 56
8 18
29 74
48 89
29 38
31 33
10 65
3 1
43 28
23 79
22 78
47 4
11 46
18 49
42 3
6 84
2 13
27 75
7 82
36 30
36 34
11 63
24 48
17 27
31 87
32 8
10 9
13 76
47 39
4 3
13 34
11 38
34 89
16 35
45 3
28 7
14 65
24 10
11 59
44 45
31 60
10 54
23 96
45 18
7 91
13 43
1 39
38 24
8 77
23 31
43 12
3 29
35 76
5 10
35 8
36 4
47 53
27 58
6 8
4 33
37 89
42 52
10 7
7 56
13 61
11 67
12 34
40 21
12 20
31 96
5 27
14 82
7 95
18 6
31 81
38 79
2 87
10 58
27 50
36 83
22 29
37 78
6 22
30 37
30 23
11 20
29 88
10 92
6 46
10 85
23 36
40 58
21 92
39 92
2 10
30 88
38 26
46 77
14 14
42 36
13 80
14 18
40 17
8 85
42 27
2 39
18 30
38 85
35 3
29 44
16 52
39 36
41 81
23 43
25 37
18 72
34 38
31 83
23 74
45 1
25 1
41 36
26 82
37 30
34 35
15 17
33 19
36 62
23 45
42 41
26 63
7 12
4 84
16 31
9 45
39 52
30 12
27 25
41 51
37 62
4 1
28 77
22 69
11 2
32 50
43 25
7 29
20 36
36 27
31 62
7 22
8 97
2 94
6 57
15 29
26 51
14 56
15 11
19 10
19 65
46 51
19 97
21 41
31 89
41 5
14 87
15 76
38 41
25 77
37 9
15 73
12 94
21 76
1 44
9 3
27 76
16 22
27 71
3 46
24 19
33 64
1 10
11 61
24 26
32 2
26 26
32 49
46 26
9 63
13 3
6 26
9 2
5 50
9 58
30 73
30 2
45 76
21 29
34 57
15 70
17 79
2 67
9 80
1 28
15 85
8 5
43 78
43 63
36 48
19 21
21 85
47 54
42 57
45 56
48 14
40 15
27 51
32 76
38 14
36 91
48 87
7 17
3 17
8 56
42 60
46 11
26 94
24 75
4 18
34 53
3 33
28 13
30 56
39 2
31 47
34 6
21 64
1 5
28 16
40 12
11 51
34 54
30 13
25 57
2 84
44 48
2 2
4 90
15 89
20 12
29 64
44 57
40 23
46 75
19 87
13 63
32 39
39 54
31 54
43 82
18 60
46 71
48 60
32 20
19 31
45 50
25 36
17 71
21 65
7 65
30 77
34 91
10 18
39 53
38 81
28 89
14 36
7 54
36 7
23 61
44 11
47 96
32 69
19 58
34 20
34 79
37 8
45 66
14 27
1 81
39 32
42 95
41 48
48 56
37 41
31 36
17 62
6 7
33 4
37 22
48 4
42 18
30 17
10 64
26 31
24 30
20 68
19 84
17 54
39 7
31 2
33 51
47 1
30 93
45 40
9 87
25 38
45 25
10 63
21 1
31 75
5 18
34 62
43 6
36 97
31 52
1 84
38 56
17 3
30 31
5 34
15 65
23 35
43 90
18 14
34 39
48 71
19 30
12 50
38 36
36 24
18 3
1 1
8 1
27 46
22 10
36 77
36 19
10 19
11 13
16 95
39 33
8 25
40 49
31 64
8 46
30 34
41 93
28 54
15 19
48 63
4 75
40 43
2 23
33 38
43 67
26 9
9 97
41 64
27 60
2 86
13 93
33 28
45 93
27 68
10 45
2 16
17 5
28 63
41 71
7 37
17 83
7 13
20 24
4 88
25 8
37 85
44 26
37 94
44 64
21 87
7 79
36 69
21 45
13 68
18 97
45 7
3 32
31 8
43 47
46 68
8 21
14 88
27 97
29 24
34 69
37 80
9 91
22 48
8 45
36 58
47 82
41 11
34 61
23 48
34 4
7 33
44 91
43 74
5 77
8 50
38 68
35 12
40 74
31 58
25 15
29 91
38 28
7 1
31 30
19 1
37 88
10 35
43 42
4 19
28 78
47 74
22 59
31 27
37 79
15 67
44 55
25 47
14 26
48 49
12 5
2 76
13 58
3 73
21 21
4 24
46 43
10 71
7 66
44 18
1 12
25 68
23 78
17 31
12 96
22 2
31 95
32 1
46 69
5 82
31 4
42 97
41 66
6 73
25 20
4 46
20 52
35 41
4 44
9 66
32 72
37 21
32 19
8 32
42 23
10 73
36 1
28 57
37 64
12 39
30 41
18 37
41 77
17 16
18 11
36 6
17 43
35 39
46 84
42 9
29 42
42 6
19 52
41 46
5 8
35 9
31 93
8 26
16 70
48 30
46 72
47 27
9 61
1 22
2 5
48 55
3 6
42 58
45 68
20 27
38 48
40 35
40 83
33 77
11 36
34 41
44 22
7 76
44 67
6 88
40 92
5 30
5 52
32 43
5 96
33 55
41 94
2 46
37 25
4 97
35 61
8 8
22 6
6 94
41 25
11 78
34 76
39 61
13 31
19 56
31 6
10 66
43 7
21 16
31 31
43 24
45 52
47 79
4 94
46 53
39 44
10 21
47 78
13 83
33 50
2 26
33 42
32 51
9 62
17 80
31 10
13 13
31 44
13 75
33 82
46 70
10 96
19 83
9 19
22 44
47 42
7 10
45 24
32 10
8 61
13 70
20 48
46 92
24 67
30 25
5 13
47 58
38 93
20 25
40 20
28 41
1 88
20 75
34 68
11 16
26 42
5 11
2 34
32 62
22 91
7 19
9 34
9 16
29 33
42 91
35 56
25 84
18 18
30 47
43 77
2 72
9 86
42 21
26 57
19 66
13 50
28 10
38 82
46 37
39 90
39 21
22 41
21 57
29 32
39 18
22 68
8 14
25 19
22 57
26 80
25 9
19 74
23 82
21 19
31 78
34 58
27 85
18 79
36 14
10 81
41 62
6 20
42 31
18 36
41 95
15 34
11 88
39 48
9 47
15 16
27 82
24 20
44 70
18 89
47 81
6 25
40 78
28 21
14 78
34 72
7 11
14 70
32 77
14 48
47 19
25 40
44 66
14 50
31 46
22 85
1 37
46 55
32 57
9 50
15 3
14 44
17 25
40 64
42 10
14 93
37 74
26 18
32 53
23 13
36 31
27 4
27 8
8 12
13 46
23 26
29 11
23 42
20 94
2 62
29 25
33 43
13 18
16 75
25 86
37 6
8 75
4 70
45 83
16 48
1 93
5 81
35 69
40 10
3 87
27 44
42 37
29 16
16 2
43 94
6 65
24 59
7 35
32 96
40 31
11 95
45 59
2 4
5 20
27 69
25 72
8 96
28 92
45 11
14 46
7 60
18 48
6 44
11 14
2 20
29 85
24 23
5 58
8 59
22 79
34 17
2 97
15 23
34 10
36 28
45 17
2 74
36 64
10 24
10 77
33 34
4 68
25 56
21 75
36 23
28 44
5 60
20 77
6 16
45 32
4 42
11 89
20 38
16 94
5 92
15 88
18 2
42 93
32 84
20 5
12 59
32 82
37 5
40 53
9 96
2 37
10 53
24 14
41 13
16 19
42 8
37 39
48 72
8 60
26 54
31 21
25 49
45 12
3 11
33 31
3 62
45 77
15 22
29 84
33 65
5 64
20 89
34 11
19 69
37 19
32 36
21 39
45 67
14 84
47 8
24 32
27 22
15 40
33 86
22 49
34 85
40 13
1 32
2 9
29 28
35 21
25 69
16 1
43 22
12 68
40 2
1 23
38 17
26 95
44 23
6 56
24 64
48 6
8 35
44 61
4 74
19 35
31 76
20 31
32 68
7 61
12 80
18 64
27 2
12 62
15 15
21 89
39 85
36 13
3 26
35 11
28 35
47 45
26 12
13 57
46 7
16 5
17 86
32 71
2 53
5 3
17 74
31 25
46 54
13 7
31 70
45 10
6 78
45 65
22 66
45 6
2 11
2 54
27 56
15 50
48 64
34 5
4 29
26 11
44 4
11 54
4 32
16 51
11 71
32 73
4 86
12 9
16 8
24 12
9 39
23 19
43 35
7 44
24 24
5 39
29 23
19 92
19 81
42 87
11 29
7 42
9 74
23 52
14 41
40 39
26 84
14 60
10 38
5 42
44 51
40 56
13 9
37 2
47 87
35 24
6 76
31 13
10 29
25 31
28 75
35 2
24 78
14 45
26 85
38 55
35 33
19 80
38 25
42 84
28 67
3 51
20 62
33 7
28 65
7 32
10 33
26 45
41 38
32 46
34 78
3 86
44 3
8 3
42 19
46 32
3 95
29 96
32 7
40 26
25 12
18 65
28 59
43 48
11 53
24 79
36 10
33 40
39 73
25 6
45 51
18 39
4 56
20 86
45 45
27 86
48 57
9 7
7 74
25 66
33 81
40 51
45 21
22 27
28 24
41 68
39 97
12 56
39 50
6 75
23 49
24 45
10 4
4 63
38 92
3 72
4 14
14 81
26 37
34 93
43 80
19 45
29 7
35 60
23 62
34 50
48 11
26 83
48 15
16 80
11 37
11 30
7 7
37 40
47 88
12 40
35 87
21 91
36 88
17 59
24 11
46 8
19 20
21 8
8 41
28 66
33 93
45 96
33 58
22 34
14 7
43 55
27 78
28 15
7 62
9 23
32 56
5 89
34 74
24 61
25 70
32 6
3 7
1 46
28 19
30 29
5 12
15 78
47 89
32 83
27 41
42 28
43 60
36 80
27 16
47 50
2 57
15 56
16 57
45 30
17 18
43 1
13 20
23 1
27 6
14 5
8 84
42 13
2 95
21 40
6 63
8 22
26 62
40 48
13 5
3 15
12 84
44 60
28 49
21 52
1 57
38 21
34 96
23 24
37 69
45 38
39 45
8 13
4 95
8 16
46 20
42 5
4 62
44 95
48 97
47 63
45 9
13 11
11 93
21 56
25 91
46 74
48 17
12 83
45 46
5 62
11 68
31 66
38 39
42 67
14 54
3 96
26 16
45 48
12 66
6 29
15 74
40 54
22 83
38 74
47 57
23 92
45 19
5 23
27 65
13 39
8 38
24 58
18 77
16 3
37 90
28 62
1 61
42 54
28 28
15 14
30 14
40 50
11 96
32 65
27 33
38 19
15 77
20 53
42 51
30 87
11 52
28 48
35 13
25 51
22 21
1 54
41 15
31 22
41 88
1 51
4 55
3 76
17 39
25 59
8 7
14 9
31 40
33 59
48 20
24 49
5 97
24 46
32 45
48 70
11 5
39 11
44 10
3 66
32 32
10 31
28 74
8 86
26 67
19 41
34 44
3 77
20 97
33 21
6 80
43 43
48 69
2 15
36 22
45 64
30 58
39 13
42 30
3 28
33 10
11 84
6 47
42 29
26 25
4 2
43 57
13 89
29 30
28 2
45 97
21 24
6 45
12 29
14 94
35 81
34 13
16 41
11 80
48 58
9 84
11 21
31 51
16 44
23 93
26 60
27 24
44 47
45 44
10 91
30 16
43 38
9 33
39 26
12 17
34 24
40 41
24 63
45 73
15 18
30 92
14 57
14 71
20 64
31 17
45 87
4 54
2 6
16 93
24 82
13 65
36 72
43 36
45 89
43 73
17 61
30 43
19 53
41 53
9 93
25 48
35 53
44 5
29 71
35 23
4 52
12 27
12 79
23 85
40 34
42 72
45 2
21 67
25 22
26 86
3 4
33 18
5 16
26 46
3 20
27 84
41 34
7 8
38 44
4 72
15 28
24 95
33 17
14 38
13 21
15 8
31 97
4 40
24 91
33 11
7 52
31 26
38 80
16 84
14 47
22 20
26 4
27 18
4 4
44 8
38 34
39 5
21 55
4 91
14 32
12 3
20 28
17 48
16 74
20 8
2 35
35 20
21 83
26 64
35 31
41 65
5 7
35 35
44 80
20 74
17 89
20 41
12 47
18 55
48 96
35 97
36 53
40 16
21 88
8 73
1 55
31 53
13 91
16 68
24 87
13 49
15 36
20 65
42 70
24 55
25 13
23 51
23 54
32 94
33 83
17 30
20 26
22 50
47 93
25 45
34 2
30 97
4 80
7 4
37 14
43 39
32 31
47 80
38 77
30 15
3 82
20 71
26 5
23 33
8 27
4 17
3 70
48 61
16 86
38 50
40 75
17 8
41 87
11 73
27 88
47 47
4 64
22 12
42 73
45 63
40 5
18 20
27 28
42 33
34 22
20 58
31 9
31 45
45 31
28 61
15 35
23 71
23 90
17 17
28 82
11 6
41 44
43 92
15 92
40 7
43 14
2 31
43 81
46 39
2 90
36 47
38 33
47 49
47 48
45 74
12 60
47 34
3 64
2 68
1 6
10 30
6 31
13 45
28 51
42 46
5 59
28 29
33 49
12 36
24 62
38 72
12 74
30 3
26 79
41 3
20 44
34 12
27 3
10 28
26 2
19 5
45 55
40 79
41 23
1 68
16 17
45 80
12 97
26 81
26 41
19 48
3 37
47 18
32 89
23 89
42 34
47 36
38 62
41 57
2 17
44 76
23 40
46 45
11 43
38 69
17 75
20 49
16 36
40 63
15 44
10 84
1 25
34 3
32 30
22 42
2 70
16 56
39 9
11 32
11 26
37 70
36 11
8 89
46 64
14 68
17 19
44 27
45 54
31 85
1 20
40 9
4 89
42 2
34 42
43 87
24 60
9 27
48 62
24 5
25 64
38 37
41 30
14 79
5 67
40 77
14 8
21 58
37 3
3 67
3 54
26 17
18 13
41 22
47 76
23 69
8 29
12 24
8 23
12 16
31 90
17 12
34 63
35 46
6 66
23 72
12 54
22 22
24 9
9 6
1 94
39 25
48 93
7 96
4 57
25 17
3 91
5 15
20 79
6 2
35 66
19 51
18 8
13 15
38 76
38 63
29 65
36 55
24 83
33 96
40 90
1 67
43 20
1 17
8 82
21 11
16 6
29 53
9 40
42 16
19 64
29 97
45 47
16 88
3 35
19 11
24 18
15 71
22 97
9 12
23 38
22 8
40 85
45 13
30 91
46 66
13 86
37 43
43 16
48 90
28 87
33 41
36 57
8 55
9 1
23 41
40 11
11 35
2 85
43 96
43 85
18 87
39 29
46 16
43 52
48 22
4 28
48 86
47 13
29 46
17 97
40 70
6 34
21 5
9 38
34 18
22 26
40 81
39 82
47 70
42 80
8 80
27 14
36 75
12 15
33 78
24 31
47 26
5 25
39 12
43 89
1 86
9 35
46 9
8 95
14 22
36 49
2 12
32 35
8 42
36 41
2 51
45 8
45 71
32 87
2 61
19 40
7 41
24 86
3 5
47 24
23 34
13 28
6 86
11 42
17 9
3 92
38 91
14 72
25 85
32 47
29 34
24 43
15 20
24 54
43 4
20 88
18 62
29 8
21 33
23 50
23 65
30 48
3 19
25 43
20 55
43 97
25 63
4 21
10 44
28 81
24 44
39 95
9 70
15 52
13 42
36 5
27 45
46 19
43 66
19 75
47 31
35 54
7 5
31 48
1 21
28 53
39 8
1 79
24 80
29 3
36 32
6 14
12 49
27 39
33 63
3 30
18 45
26 38
8 88
28 9
2 1
38 20
40 95
39 1
44 20
16 28
7 71
18 16
18 22
13 1
16 43
17 53
17 82
17 14
34 32
12 95
27 37
39 17
26 49
11 40
9 76
19 27
34 8
25 21
7 2
34 31
18 43
37 35
4 65
23 56
48 84
33 53
40 97
6 32
14 37
29 76
38 97
19 14
13 88
9 5
43 27
24 39
6 41
27 21
8 44
7 78
30 89
17 20
24 29
46 4
14 59
43 79
17 36
44 68
2 47
8 51
22 39
11 28
39 96
24 69
7 88
45 20
20 7
43 30
16 67
12 76
14 52
42 75
11 10
29 63
2 48
34 67
48 59
2 28
32 67
46 67
22 32
48 81
32 61
15 25
13 52
28 71
10 17
3 41
33 8
48 23
17 92
34 65
18 32
38 27
39 16
10 3
27 92
6 30
12 43
25 76
30 27
32 22
38 60
35 64
16 71
1 15
13 90
39 35
8 11
15 41
15 79
18 52
1 89
39 37
40 27
22 5
16 64
26 35
6 39
8 2
48 46
15 32
3 8
48 16
4 9
38 35
2 30
41 83
11 91
42 83
8 81
8 4
14 95
17 73
5 54
40 93
26 75
47 35
36 73
18 23
12 55
40 88
17 94
3 18
8 90
39 58
38 90
25 42
22 76
9 89
29 50
37 47
1 27
43 3
42 26
17 68
9 95
19 12
39 68
18 96
16 96
29 94
10 26
8 20
24 85
3 85
10 36
46 36
5 78
25 44
44 59
17 63
23 22
39 47
28 79
19 82
19 44
39 88
6 28
47 17
6 13
47 64
27 63
22 67
41 14
31 67
43 26
33 9
26 8
13 23
36 67
21 59
36 66
33 52
19 9
31 20
2 91
12 88
25 54
30 7
47 56
6 85
23 70
26 77
13 33
39 81
41 40
16 79
11 70
29 61
12 53
10 47
12 30
45 92
1 13
17 37
19 4
4 83
12 12
38 11
31 91
30 60
45 62
39 14
14 86
44 30
45 60
1 92
21 78
23 11
3 44
43 71
12 25
39 62
27 87
5 76
9 43
39 43
35 16
28 84
26 61
44 75
2 82
38 86
11 31
1 53
19 95
32 4
12 82
16 87
22 15
14 91
22 51
6 11
38 6
34 37
33 45
35 71
30 1
16 24
21 10
37 60
28 72
20 15
39 6
43 33
2 64
33 84
35 94
15 5
46 21
48 82
41 72
23 7
11 27
1 3
10 61
44 15
5 37
38 75
28 6
37 12
12 2
14 53
37 44
6 82
17 84
10 90
13 32
37 97
48 94
28 60
29 59
41 4
14 80
46 31
11 41
15 38
35 1
48 35
13 38
17 35
21 94
11 23
10 5
25 28
44 16
17 95
28 45
38 83
45 58
14 10
38 9
17 46
2 41
42 22
31 18
30 78
2 24
35 43
7 83
29 89
21 47
27 77
2 69
46 46
20 42
17 81
44 39
46 15
29 6
7 36
36 50
47 77
14 77
15 95
6 93
11 25
5 61
15 97
27 66
22 52
5 29
14 51
21 61
29 86
45 78
15 93
40 76
14 16
28 46
35 70
33 29
39 15
47 11
20 2
38 15
21 69
29 49
12 32
17 4
46 59
12 87
42 45
14 24
41 29
39 66
18 21
10 42
33 37
44 63
6 67
29 1
8 19
15 62
47 33
25 14
30 79
32 48
46 42
38 4
30 61
3 3
26 89
6 35
11 55
19 59
10 74
19 17
47 5
22 60
31 69
2 49
20 56
30 21
20 34
29 67
9 52
9 60
34 7
45 5
10 82
40 66
1 74
11 60
24 73
18 50
5 40
6 12
7 58
12 14
17 23
35 26
11 18
8 92
37 92
15 7
7 92
6 70
16 59
2 22
33 87
6 95
13 10
32 41
22 73
6 68
43 69
36 2
30 64
9 44
33 16
37 31
33 95
22 37
17 66
40 22
33 13
38 61
9 82
27 10
38 3
16 97
30 76
36 87
24 35
1 50
37 38
1 33
24 81
33 39
25 3
10 94
31 65
13 85
41 26
41 47
23 55
12 1
39 28
2 58
48 27
47 44
48 80
30 19
9 78
30 69
3 36
10 55
41 31
30 75
26 53
22 3
34 84
22 45
5 95
44 7
6 6
9 4
34 28
3 48
26 33
5 33
13 2
44 31
16 76
38 12
2 8
25 90
48 51
47 21
28 43
18 38
29 19
3 75
23 32
43 70
45 36
3 61
15 91
19 96
20 91
26 87
37 67
22 75
20 57
37 11
13 37
13 6
18 70
17 22
26 48
26 90
30 81
11 58
1 30
25 10
19 7
1 87
28 55
32 21
46 87
45 39
47 41
29 73
33 3
46 18
1 91
42 88
11 48
10 13
27 29
28 17
36 3
10 68
12 10
15 4
30 30
19 33
17 55
26 36
24 70
46 94
43 15
2 83
12 52
17 28
44 38
39 4
32 63
33 12
48 76
42 39
11 7
14 66
41 76
23 58
42 79
13 40
36 94
6 17
12 44
19 23
7 18
20 95
37 33
16 20
32 59
10 62
16 26
17 2
17 13
48 33
29 66
36 21
22 61
36 60
23 14
7 47
15 48
47 61
36 33
42 74
1 2
30 35
30 66
3 74
30 5
1 38
43 86
46 85
7 20
8 62
14 62
8 36
27 31
6 87
30 72
46 6
44 89
28 39
26 96
27 47
41 56
7 86
31 72
44 73
21 46
42 92
39 19
35 84
17 44
16 72
33 91
19 38
17 10
30 39
36 42
29 29
29 58
44 49
34 95
9 48
35 85
4 87
6 18
37 26
20 83
48 74
10 88
12 51
41 37
45 86
7 51
27 32
4 45
13 29
42 63
21 48
21 36
27 57
13 19
47 59
27 38
26 71
41 70
2 43
5 74
46 44
5 53
19 85
46 40
16 40
32 75
43 62
13 72
32 93
23 15
30 45
39 56
48 40
33 14
8 47
35 14
1 14
25 58
22 40
40 68
7 94
1 4
18 92
29 93
25 78
3 14
37 54
30 85
41 20
18 1
24 21
17 70
8 15
13 4
6 83
1 77
46 24
8 40
40 52
24 33
24 42
33 1
14 21
5 68
9 71
36 74
5 14
37 32
38 78
23 16
17 7
42 17
10 46
14 39
41 60
9 53
45 4
32 64
46 91
18 42
44 41
19 79
40 82
4 41
24 34
20 92
38 30
44 14
39 93
10 27
15 51
42 55
42 62
38 10
5 70
4 67
7 39
32 55
28 88
33 25
12 41
24 1
42 4
18 68
22 53
1 62
35 15
47 72
3 93
22 96
46 50
17 50
31 39
34 27
44 94
24 16
28 22
8 94
19 49
21 38
47 62
7 50
43 54
21 13
15 45
44 40
30 26
13 71
18 51
35 82
1 83
2 66
4 39
22 33
27 36
4 47
6 40
36 65
44 88
23 37
29 41
23 2
43 95
33 75
6 59
42 1
10 43
48 44
21 79
12 67
30 44
4 27
32 17
48 92
46 3
18 75
47 12
35 7
48 12
2 60
29 22
31 79
41 79
28 83
24 3
37 91
20 84
34 14
6 15
30 49
2 78
17 6
10 79
14 28
33 90
11 47
1 18
29 92
2 56
5 19
37 45
14 11
9 55
46 12
23 5
43 17
22 28
19 90
32 37
27 43
30 22
32 78
2 44
14 85
36 82
11 76
35 49
32 18
9 72
28 12
4 76
5 48
32 92
37 68
22 23
40 46
40 71
16 7
28 26
4 49
8 72
20 3
30 65
33 44
39 78
45 91
6 49
13 60
30 86
45 49
23 9
23 87
1 49
22 63
35 79
46 83
18 86
17 42
38 16
42 43
44 96
2 45
19 93
11 82
9 9
6 92
23 91
28 97
38 1
40 57
34 51
28 68
3 43
7 23
37 63
29 10
14 64
17 72
21 82
19 28
1 90
48 25
47 32
20 73
31 12
13 14
37 23
33 76
36 63
18 88
9 18
16 54
23 20
10 48
21 3
12 64
6 71
34 75
18 57
34 90
18 71
33 60
3 49
23 64
10 60
47 25
11 72
37 81
11 64
41 10
4 13
35 6
15 96
28 33
30 74
9 65
22 93
43 2
33 26
31 38
47 90
29 87
18 4
11 56
24 37
29 26
38 51
13 82
34 49
17 60
21 50
21 72
25 7
28 90
35 40
33 71
34 92
4 10
33 6
25 30
8 66
6 48
10 37
37 49
43 72
28 37
16 45
4 77
16 15
1 80
15 64
17 49
13 25
23 23
1 19
5 65
43 45
7 43
3 65
6 69
41 73
42 69
28 4
35 88
14 49
23 53
7 25
35 83
45 43
22 92
13 81
29 4
41 59
6 81
11 85
42 90
26 91
29 95
34 47
15 63
30 94
14 75
41 39
26 1
47 16
4 35
38 13
39 34
25 73
31 61
28 5
17 78
45 85
18 58
44 2
26 6
19 19
34 97
13 67
5 4
10 70
17 69
22 4
34 88
23 97
31 50
16 89
6 96
30 4
4 58
41 69
16 42
21 68
37 87
42 61
44 56
21 71
34 66
5 17
19 77
35 86
44 62
6 43
43 29
48 53
15 82
35 68
16 39
45 33
42 77
9 81
19 73
5 43
15 2
47 95
36 52
19 57
33 32
38 32
39 77
14 19
36 76
31 23
18 40
33 85
1 47
46 52
13 62
21 25
25 24
32 79
37 59
11 1
46 17
30 54
37 1
1 36
12 35
33 67
18 53
25 55
41 24
16 34
7 57
16 11
9 29
21 23
35 50
1 26
31 7
5 5
42 48
9 42
41 12
26 13
27 55
20 82
46 89
16 58
26 50
37 57
2 75
30 62
48 32
28 20
43 18
8 6
26 40
1 78
18 85
14 20
16 21
18 17
12 65
1 95
43 10
20 20
40 18
9 13
21 54
11 86
44 46
27 94
18 54
22 16
17 88
47 14
37 65
5 87
10 11
26 55
42 14
21 77
38 49
16 85
30 32
7 49
37 29
47 60
12 28
47 91
29 17
37 15
40 96
26 43
14 96
18 31
46 86
22 55
28 32
48 77
12 23
27 89
2 32
32 86
46 10
42 15
8 48
8 67
29 45
18 63
37 86
2 81
36 18
7 9
11 4
19 47
9 68
14 3
36 12
3 31
27 72
44 37
33 72
9 8
39 49
5 49
34 36
5 69
35 93
32 27
19 50
41 18
35 45
13 79
35 32
13 35
27 70
36 35
8 33
25 33
25 41
39 24
10 41
17 58
33 74
1 9
48 95
26 30
22 84
44 35
12 48
45 41
46 58
13 84
5 22
5 24
36 17
14 83
21 49
5 56
45 57
44 86
22 74
3 59
44 69
25 75
9 79
47 20
7 38
19 54
17 33
29 14
14 4
36 96
29 27
22 47
4 22
2 63
12 45
4 78
9 32
17 90
3 2
30 20
30 42
20 51
1 65
36 90
26 44
13 56
4 48
39 51
42 40
21 2
5 90
28 80
29 12
4 92
1 69
5 38
30 96
20 17
47 85
16 66
25 39
2 88
7 87
23 21
37 20
26 66
41 92
10 75
24 7
31 43
17 15
28 86
35 59
15 81
40 86
45 72
4 5
25 81
5 44
41 45
32 29
7 75
25 83
28 40
13 36
6 10
12 85
11 77
24 94
46 34
3 84
2 79
9 85
31 49
20 29
27 95
1 34
14 35
23 3
25 89
21 81
36 59
16 82
4 71
25 65
4 31
25 2
38 5
38 67
20 80
32 74
16 65
16 47
29 18
34 86
7 31
18 25
9 11
39 55
14 2
38 22
12 57
42 94
26 34
1 70
13 95
37 18
12 92
21 63
31 16
3 83
22 90
7 40
7 55
32 97
24 4
48 5
7 15
8 9
19 13
31 14
47 6
21 15
33 66
41 41
48 24
42 65
30 59
46 76
37 17
9 10
43 64
31 94
7 16
36 56
46 61
15 61
16 73
25 32
41 7
44 85
18 35
37 77
40 72
26 14
25 23
29 69
19 89
33 2
33 24
28 94
22 30
12 8
16 30
32 12
27 1
15 31
1 85
45 14
46 62
11 15
7 90
4 96
2 59
44 90
21 93
44 19
21 43
18 7
9 73
8 49
37 13
5 26
33 92
43 84
41 42
22 56
23 75
32 60
20 1
31 19
22 65
26 27
35 10
37 71
17 57
32 38
15 66
27 9
12 31
2 50
24 40
13 24
11 34
32 33
32 52
31 80
32 95
36 51
43 91
16 23
29 43
24 2
36 54
35 67
1 60
19 26
42 12
46 79
48 85
19 8
7 70
28 93
10 8
3 53
36 81
36 95
30 10
41 74
4 60
46 80
38 8
48 52
48 79
16 90
21 60
1 11
15 47
32 91
1 64
31 57
37 76
10 87
41 8
5 21
16 46
31 3
27 11
35 17
15 43
16 92
9 22
14 29
5 83
47 69
7 45
10 51
26 20
3 71
12 69
29 15
34 87
6 58
22 70
21 35
12 21
8 37
42 82
27 19
44 81
3 13
44 87
33 35
12 91
24 51
20 10
36 79
39 38
28 23
43 68
9 36
39 20
9 25
18 66
2 3
8 64
4 82
25 87
39 87
44 58
23 94
24 71
38 2
4 26
13 94
34 80
22 38
24 97
39 69
11 33
13 73
35 5
15 42
15 21
17 77
2 92
8 79
13 27
38 95
38 38
14 23
9 49
25 18
18 84
38 73
31 32
34 94
8 91
29 51
3 34
2 27
37 27
45 75
24 15
40 29
43 83
1 24
23 73
46 23
47 68
22 82
38 7
23 28
24 74
12 18
6 72
5 35
28 76
22 31
44 82
33 47
44 32
43 8
16 53
12 7
45 29
14 92
40 24
48 19
23 80
4 25
6 53
13 74
3 9
38 57
12 78
24 92
3 58
16 55
40 80
11 92
13 41
40 60
27 90
20 11
16 33
48 67
15 13
7 53
23 8
4 69
34 33
20 46
30 24
35 77
25 62
46 2
48 36
23 77
28 69
2 29
39 71
3 45
29 31
15 60
29 77
30 82
37 56
48 91
13 8
5 66
17 56
40 59
41 9
25 53
16 78
11 44
8 43
19 24
48 31
10 97
24 66
32 34
26 15
12 13
45 79
12 42
27 30
32 42
3 97
13 97
15 24
28 96
19 22
26 59
20 61
39 75
29 40
42 32
44 12
19 42
10 93
23 88
16 14
38 84
47 73
34 30
7 28
47 30
4 85
1 16
34 26
28 64
12 33
44 72
24 6
35 51
6 37
19 18
19 78
3 47
26 92
47 9
10 89
22 95
9 37
20 67
16 63
48 9
7 85
1 52
5 41
21 53
24 76
9 88
18 59
36 68
4 7
19 46
9 67
15 6
15 27
10 39
6 91
34 16
2 80
47 3
26 29
41 16
40 6
11 22
13 64
32 44
19 70
44 93
40 14
15 83
47 83
24 90
15 80
17 52
25 46
47 29
42 76
1 48
17 45
30 8
29 2
2 65
13 59
21 20
38 96
41 67
19 29
22 17
21 22
17 24
33 54
14 63
7 72
24 52
26 28
40 45
43 58
3 23
27 62
12 38
44 42
31 59
37 48
31 86
16 29
15 94
13 55
19 76
22 62
33 15
26 39
39 64
10 52
17 91
18 56
34 82
20 93
26 58
47 94
38 54
37 24
39 27
41 2
10 50
18 41
20 13
7 77
8 78
18 46
7 24
28 52
4 23
3 42
5 91
27 34
6 5
32 28
37 52
1 58
4 38
3 94
8 54
48 42
4 15
26 97
15 26
12 37
20 76
43 41
17 64
48 73
48 41
41 28
27 15
48 50
22 64
33 70
42 59
38 40
12 72
19 55
32 26
8 10
3 40
29 80
8 28
26 73
42 25
22 1
23 18
45 16
5 51
15 90
40 87
44 21
20 9
46 48
27 26
20 63
36 9
37 51
5 9
27 52
38 42
25 25
35 27
31 92
39 67
36 36
39 39
11 11
24 41
41 54
8 83
13 66
19 68
8 71
23 57
24 28
33 68
35 38
17 96
14 74
14 76
27 81
14 33
1 96
6 4
30 28
44 79
35 44
48 65
27 79
4 8
11 97
12 81
19 91
37 28
40 89
42 89
47 37
38 52
9 56
12 11
27 74
41 82
39 40
40 73
46 27
3 50
39 22
25 26
22 72
14 89
29 72
36 43
7 68
17 40
26 76
48 47
7 21
9 20
4 66
37 95
41 89
40 62
28 31
4 50
33 73
15 84
34 60
21 74
3 10
28 8
9 94
29 13
35 18
10 22
30 84
34 56
10 34
6 24
8 24
30 70
21 42
16 16
20 30
40 84
42 38
38 89
40 3
11 79
41 35
19 15
30 67
27 13
42 66
21 90
13 96
44 71
14 43
43 88
29 82
14 42
48 38
43 65
5 57
12 75
36 40
46 14
1 63
24 50
40 19
14 6
9 64